287.4606319613175
287.43881695605666
287.43178986068415
287.4023729248137
287.47352261790087
287.3263393891196
287.2738702997582
287.41887548580655
287.2971136924419
287.2874490744206
287.3105222399393
287.391383330022
287.2949293637869
287.32372447366066
287.2357194732402
287.4991801303342
287.4224199198361
287.47039780260997
287.43479289449425
287.3486651839841
287.49031205112874
287.442964787847
287.50847365965825
287.3059940392849
287.4265962043813
287.4261845911998
287.4165357182731
287.42959337256644
287.54032320005217
287.48281971492366
287.4163903073765
287.60172815954354
287.597061607474
287.55357184520994
287.67485674036794
287.621052475077
287.5966583131744
287.75576784412755
287.78981313618397
287.71418403199385
287.80249097410723
287.78388443423904
287.69406762108827
287.6785735279142
287.91785306260994
287.8627950608167
287.685143092551
287.7348608449874
287.7282878711086
287.795378339524
287.85689462388586
287.87620720637545
287.86665326114445
287.74895663516736
287.75094723340743
287.72785771223494
287.7957671532349
287.80581499730897
287.7602756322761
287.8656695640526
287.7972768702035
287.7622110767667
287.80312254894295
287.79306596681243
287.76572875432737
287.61244295191904
287.71915844258535
287.77223662311764
287.70623373063916
287.79550502986626
287.73251700407377
287.7384489050536
287.74515371363606
287.701255503585
287.71832291917946
287.60087508541045
287.70860088191586
287.6456352563208
287.5748909397651
287.73499000197444
287.49414935419054
287.6416040350834
287.49014036926394
287.4483037999192
287.52825391244755
287.3872175894925
287.5341759815312
287.49284282612683
287.4779048968283
287.4977064863334
287.52250837380325
287.4210069885984
287.4932420256798
287.53657194598907
287.5845793447134
287.59684368555526
287.5479887179005
287.39987411443536
287.4800853264846
287.4767055206408
287.5483999112451
287.3995538345954
287.5701774891004
287.2932978929121
287.3588529816348
287.60109271068296
287.52998713771234
287.66355310250344
287.6550213332586
287.653452054644
287.5714541109769
287.6915322269352
287.6389509716373
287.71590983003506
287.82363885795513
287.83877485602807
287.667536619693
287.7560853370037
287.66105704444544
287.67470608677434
287.7213886091444
287.72490278782
287.75841499482027
287.70080641552585
287.6661171177099
287.5674162238674
287.4735755045091
287.578691910223
287.52519037230053
287.5491703734718
287.6097969812844
287.6384545969695
287.48745454217607
287.50751234047317
287.4027399480639
287.385863766225
287.4857100789721
287.51133380209535
287.5694342985785
287.4434348973867
287.3476412300553
287.40463146020284
287.4664986747841
287.3517989634708
287.3391177120901
287.42329464717335
287.3874882009002
287.3118937501348
287.6060435429682
287.40861586833296
287.56688307568203
287.62787240128955
287.5536332928249
287.6216502230657
287.5591017011132
287.68688354155387
287.5549826277373
287.511986871393
287.5528897357851
287.5662805951845
287.62495865158735
287.63520351663493
287.5293115063708
287.6007638824859
287.81129708511367
287.66592528654
287.57506415094184
287.5715432420985
287.46641426701206
287.5671448602272
287.54270228153223
287.41363538999957
287.4631125740606
287.3416900025722
287.3887043123029
287.4368334716818
287.4037307622385
287.5768472608743
287.5050758518502
287.5731622170839
287.53175480046633
287.4702936448552
287.57539557954107
287.4647639503968
287.5208854592488
287.5899594784346
287.5886556906995
287.60889775301644
287.4669748171701
287.51311410698594
287.46412071617067
287.47487742585093
287.2829053621435
287.4211271075031
287.4720503546899
287.43290810313897
287.45668271387
287.5785414460566
287.5338694301193
287.5952678887985
287.5086533765934
287.5937471687843
287.765487177432
287.71778951477404
287.72286498840583
287.7178055842707
287.57481093890516
287.65158568615396
287.6584480687087
287.6398979381982
287.5676961955652
287.5650181435128
287.729610288763
287.61974503497424
287.6041286130079
287.55362741366093
287.59953467478806
287.599846264834
287.6635443809492
287.614757561827
287.532833858883
287.6098170014359
287.69365079576613
287.62245984670244
287.6640027317522
287.54077770912994
287.5314053842321
287.57277438924973
287.5582495317888
287.4807503822021
287.5867778158114
287.5789335859005
287.54471569437294
287.3947430288781
287.40790723165077
287.4483462664395
287.5735917700429
287.6140799966961
287.5359546447
287.5716437247706
287.53106226894556
287.4239538220471
287.33984977335774
287.4404471439025
287.5144864976085
287.5295358987684
287.4308554644403
287.4866163042847
287.2662786810541
287.3910275684461
287.5109117990368
287.4225801004648
287.40665050016196
287.56246149870685
287.61787693698415
287.58868554175496
287.49134863705814
287.5450872159912
287.6877670880877
287.6247091817556
287.6937072342717
287.4864050163853
287.4746784016277
287.62524401185647
287.6264074574956
287.6118705478653
287.5622428596474
287.4796391867678
287.6517680322803
287.59636948147687
287.49276802261875
287.52894087598935
287.4816585771496
287.4665022465235
287.6616262133152
287.6593071864325
287.4946189917492
287.56765028372746
287.57950632689074
287.58445933889215
287.6823309606521
287.6027555970629
287.54315448970027
287.6721111984195
287.6273122653082
287.62679636016355
287.7714027142468
287.6000507883444
287.59412748707047
287.6294362781734
287.56229059740804
287.57566337917154
287.7026576154268
287.5968184310196
287.5757415009811
287.6005297602938
287.685195426454
287.56717590701584
287.6414140964208
287.82674575019837
287.79413704874185
287.90372519744307
287.81424031845785
287.8438296218343
287.7523186366577
287.786998869713
287.8544603573044
287.8299277738309
287.6560667695002
287.88836955779834
287.79456365724246
287.79493521013876
287.98077014625886
288.00109164037093
287.85301976639295
287.98911340483306
287.8411855537524
287.8716953899797
287.8810590986389
287.96359311103635
287.9676657461773
288.06191416133
288.0375862725203
287.9138283125882
287.90077285339265
287.8534498256346
287.92120350257824
287.9123439454095
287.9963324739902
287.98379528590596
288.0636297384726
288.05275556706687
287.93279330308974
287.9310105094674
287.84291769419553
287.89180734374486
287.9013627519704
287.961757226906
288.0017467797626
287.9478271072388
287.9313820930459
287.82560101366715
287.91678104561674
287.8096815399213
287.96256516968447
287.9964492396137
287.87378659578457
287.88077782377735
287.87311449126395
287.8199517893747
288.00862223354534
287.93086510036846
287.86159933944083
288.03156127915827
287.9056029651828
287.8476826340593
287.8771130299113
287.90528887879475
287.8767402529013
287.97952645611406
287.9515150000164
288.0460662973188
287.94462925597514
288.01706737736737
287.9935926325153
287.95147724278075
287.9755400900229
287.929077280708
288.02817168260003
287.8928177459996
287.82586396793914
287.9640010483512
287.99675643578905
288.1117116001212
288.08392992720803
288.0359673194138
288.0911373791879
288.15595794099056
288.087848663976
287.93386859550134
288.07279758790213
288.07430355326414
287.93841888860396
288.0407697687758
287.8563364133055
287.89183995679343
287.74917932410193
287.5977546197855
287.6311171507624
287.58915636204796
287.72380104292563
287.65525417566425
287.66275773817426
287.7476152487001
287.6350346788475
287.7206692571187
287.65837273245984
287.6117815412876
287.5361609534578
287.6211687024959
287.6372132974274
287.6151940630672
287.702166598263
287.53981437598793
287.47836965207443
287.6025234429335
287.5270628760846
287.6239837128328
287.69093934138624
287.5039563760294
287.539287593976
287.5640291842431
287.4472992571673
287.44968760252357
287.60722013876926
287.6199935779635
287.58934126721806
287.65799960706926
287.51214929743867
287.6078094608685
287.61839386907855
287.6330534694043
287.7226388284729
287.71391503701375
287.7344286467654
287.7378670415519
287.69406379024514
287.767310670369
287.6830830868331
287.6785331453673
287.65142001285506
287.67031504498215
287.74419055198973
287.74962806342097
287.6614930229888
287.7631696217465
287.7467665307415
287.6466798618907
287.62719895012367
287.5379159294569
287.6392386856166
287.5985138843297
287.6353148902708
287.59211686163127
287.5799027084264
287.6663381635605
287.6834831820432
287.61972416494285
287.65711655968585
287.5817665163832
287.67081754928375
287.6773953010572
287.6622798922633
287.63784505443647
287.8241353062213
287.8734622105921
287.77172026917003
287.8564309535605
287.69646781462694
287.7279891090401
287.7823125312221
287.7155446153003
287.78815876003245
287.74986866123396
287.60036144046444
287.71622559130805
287.66832390349
287.6666418036827
287.6789762534964
287.630904448407
287.7065086023295
287.58434529411187
287.5623073405037
287.4886152416428
287.4386969615977
287.59511964075773
287.5700980555834
287.50810736442315
287.5194831997028
287.530172966151
287.47502508294616
287.5648197633728
287.7049673842643
287.58144642992056
287.6375964794657
287.78090705707785
287.7180088456507
287.77730695335094
287.7865576700164
287.7713153633967
287.66699689374735
287.8272807101638
287.97838083943645
287.91848038825765
287.89073740657517
287.7867145842672
287.9708426217774
287.9715561854837
287.9292393217286
287.90366688990576
288.0030526526836
287.99073908969615
288.0360644963599
288.0798595921493
287.97197836749905
288.0546975662252
288.02268789115783
287.9606973208808
288.02749005453
288.0208578318303
287.9932460320908
287.98884674929786
288.00669337611896
288.0215448588497
287.9256270993578
288.0527807173384
288.0211575956349
288.10815767418416
288.1046770850866
288.0623404166106
288.2211889753549
288.07751464809274
288.2165274418113
288.206987218961
288.1162308547386
288.0461922201253
288.068268073905
288.2145941686155
288.0797977923004
288.10762851654954
288.0748023029286
288.06613491323407
288.0742883097073
287.9956450730311
287.9913202502461
287.8951701626973
288.16225110574356
287.9461949594838
287.86354374499376
287.95379545360925
287.93027420517
287.7698632093733
287.8646047328095
287.74714038758725
287.78291133678454
287.83812669779877
287.6676678111819
287.8714808655117
287.86634249323714
287.80981541359483
288.0506871907409
287.98906686375574
288.0524979642238
287.93141247959204
287.88730116762247
287.92415869952265
287.66601272381536
287.90086876375204
287.69914378078926
287.8109588732569
287.83581146017525
287.82735376087874
287.78278439195697
287.8110687947812
287.68990275028807
287.7450887530451
287.7095506906124
287.6838443395936
287.73673147199617
287.6238608037842
287.6729879588156
287.5159297860463
287.6428370046368
287.5970673932964
287.5548836123595
287.58533557380747
287.549432647546
287.76506068280673
287.6377273844428
287.69993400878235
287.81847620153985
287.70195271199873
287.9169596850931
287.8182724924614
287.83818286106987
287.9749660866025
287.8149008399776
287.96341608440474
287.9780630315839
287.88150847683204
287.8140008224496
287.9228442678007
287.9093937803627
287.9061363989388
287.8630910351469
288.0321872196791
287.92488007526487
287.83030057383263
287.729695442787
287.9096804614694
