287.3983141095122
287.320155437081
287.42203862023064
287.43462213915126
287.4524890522785
287.4445550215658
287.59649570891185
287.4506006904038
287.3976750604727
287.2833204382319
287.46657159178386
287.3651881073913
287.2484083439674
287.29621228367864
287.3853558448622
287.42154754433034
287.37080098933217
287.3704817751965
287.3593914973575
287.43668425554426
287.50937458344794
287.55149495980436
287.49437884191747
287.57286583611085
287.6097563581991
287.704007306143
287.7958507428066
287.5657936822774
287.6769925343638
287.6148235340701
287.65195451435125
287.68385861473047
287.7459085701579
287.72099983352007
287.2611398812498
287.41246518092834
287.5367615408926
287.6231843541276
287.54576440054007
287.6069785494548
287.5944627919403
287.56305166751633
287.429982804975
287.6325882642759
287.5451509228704
287.47349256817796
287.5860499277897
287.491282201478
287.3415894107915
287.4040352826234
287.3856335672916
287.39678021315854
287.2502642392961
287.090542869291
287.30040248609504
287.3536556073141
287.3416080849129
287.324404702057
287.3698853188403
287.3781052159987
287.4322843054432
287.4237897497288
287.28709030044666
287.11525396421166
287.38435062965306
287.3772320407175
287.44160934258684
287.5702725311912
287.5339257802755
287.5167393131575
287.5164085787991
287.6738360059597
287.6989453235945
287.68964745091665
287.6473707319174
287.65088398791664
287.6458899160603
287.65208204565556
287.7781007544864
287.6877118925474
287.63260147544804
287.6461209133405
287.7690706993876
287.64876437677657
287.70809038566193
287.72191949643513
287.4982748234901
287.6592649844931
287.6422352396107
287.59354323292325
287.4864054842851
287.5292068622704
287.68157321447563
287.6658118316715
287.70234329316384
287.6673015584707
287.67329072500405
287.56968190833805
287.5725790168844
287.71345352975914
287.5935855143221
287.6678247567803
287.5917968122753
287.59698884254317
287.6012854016723
287.56704382248716
287.5560036288039
287.5819385763893
287.60335164176126
287.62445224751
287.55339865803614
287.6956677853821
287.70801570902694
287.5814326128052
287.52064784117374
287.30920461365383
287.5351786537976
287.58248507729104
287.478891993933
287.5845264041145
287.5170482469997
287.5714014514433
287.5432742137835
287.59529914282757
287.804879263287
287.7494479047208
287.8012413851727
287.89343197529047
287.89050601356973
287.9915736453359
287.9704595403732
288.11751316234626
288.02490064203477
287.9443455543805
287.9870227888832
287.96990840605923
288.04297573069374
288.10398843946
287.94691173303215
288.13620392249265
288.22612855758626
288.1559454197477
287.9077116569029
288.0177958332356
288.1593586597411
288.2739592133636
288.29368510935717
288.29542084126024
288.3083436288583
288.3702780338092
288.468967325497
288.4941216652722
288.49732649745226
288.5621116576829
288.48316682931755
288.47821470295725
288.48845259527064
288.5012058730998
288.6451659770779
288.6312610787363
288.5768927877318
288.6276732253903
288.7372961523721
288.7945980505995
288.87504662245124
