288.5799323387398
289.1704214704095
289.60586054112736
289.7340451794013
289.943411957254
290.1734012377529
290.3315419158638
290.456696476529
290.5310922181301
290.63430506204895
290.683120796105
290.6932499307765
290.84950393842206
290.9650404112057
291.13065381239556
291.0924500575894
291.14164531821166
291.2355113976854
291.2253816668442
291.15613151082295
291.1190078640878
291.04882920419294
291.1337530395615
291.2868506870285
291.3764123750678
291.34719194997547
291.3201809340599
291.3545581654726
291.32838726382954
291.51206092259105
291.3220175079619
291.2611065461711
291.4049981221894
291.45427268699774
291.49811066914106
291.554540996434
291.54252667933406
291.61305749689956
291.71749024275397
291.61228083150763
291.6067375036686
291.6728540800998
291.6927316658759
291.71174903961816
291.63319193457045
291.62721412857
291.6164557309847
291.67760531018945
291.73910963565595
291.7966621168435
291.8074787584226
291.7321933438155
291.77340188878077
291.74592990744605
291.7733654756595
291.7926481003512
291.86689007694036
291.7837488553345
291.90143933134283
291.8355384926003
291.9303702356008
291.8302692807314
291.72917196674246
291.8409259174062
291.74800167943437
291.8350497305963
291.8104720444567
291.8690221463623
291.87353587759725
291.7237223228156
291.83826828960764
291.90837022485687
292.00831379025755
291.8616105683983
291.8407362743374
292.03502235787806
291.959628766321
291.90528001490384
292.0000121757116
292.03197962568333
291.9992419356249
292.05312461573175
292.21359051334747
292.0632801077875
292.0612674998615
292.1106319576306
291.99419471262394
291.94386271234913
292.06954758768495
292.01714779893825
292.1190391664396
292.14953037091914
292.10288326197946
292.0606621163492
292.1433101744891
292.1852032234684
292.2613468542141
292.3199405196263
292.11709781307735
292.1624065807614
292.23675432286217
292.2222061188606
292.1746929096668
292.28300801858205
292.3127387516406
292.3382215851107
292.2254165180111
292.1503875401652
292.25204475810534
292.2705659564692
292.21414948453173
292.24026549894944
292.4072978425686
292.37273151476717
292.4436084127982
292.4850015162087
292.46689408969695
292.38795484624075
292.47208825793575
292.4986938378577
292.4869512148671
292.41239715316397
292.44766410245836
292.409990369206
292.43353582008706
292.3416281779441
292.37208883653545
292.2831445203281
292.2892371642689
292.44322563193924
292.48818030035676
292.50976801649864
292.62820079669825
292.3924809180186
292.51312201088393
292.4496259210045
292.4912949864302
292.5149457469905
292.469764937675
292.4946096450082
292.54254139267755
292.592012092491
292.59011615494944
292.3691292332456
292.5559144781546
292.6908421589747
292.6725615724062
292.6552359284296
292.5832088866876
292.64357435345056
292.62171418448037
