287.6360173946307
287.5114953880956
287.52898134127787
287.6013714577504
287.5427015165212
287.6415619658136
287.6895583910412
287.75475650407304
287.7946292444462
287.7771605371678
287.9645874440853
287.68069123026174
287.7148502232931
287.70008475592823
287.7026036509106
287.75713280239796
287.8696501737379
287.7886521113389
287.8218750246753
287.9843363353219
287.94510544157623
287.94760520234803
287.8915544733955
288.0461715992566
288.06467064510105
288.10520443871053
288.3076855999572
288.3585531847564
288.41118093394874
288.36292781999776
288.3131933128753
288.3771654340035
288.4009715584432
288.26895691033803
288.3086174141919
288.2249324239228
288.4295684201316
288.44090240115855
288.5277655951222
288.52233799305714
288.52177943852024
288.5249513031064
288.57832832561945
288.641782756773
288.71023272457325
288.72960233215434
288.670673336719
288.6790803741542
288.6721218322333
288.53967469504835
288.5805464725514
288.729937234919
288.69067548186
288.72565669825525
288.7661133770944
288.7553634130524
288.6959077235021
288.9611748493227
288.9822303246454
288.9454559348137
288.8894187032549
288.998245948034
288.9940216017201
289.1021492434004
289.0956911308152
288.94504933582215
289.0529206957314
289.1060567977132
289.2837706359142
289.27215223135886
289.3193902363121
289.3932621154545
289.5217254390383
289.524426437639
289.45321249118814
289.5275285453692
289.57137638503
289.5649905294643
289.6998788027998
289.75067572198884
289.7959786005235
289.8000389598918
289.7549632317998
289.86156906933
289.83030474763626
289.9482016378615
290.06742607363753
289.9282323232263
290.04102088168025
290.1349569638692
290.03273821368043
289.9815928348638
290.0978618495782
290.2331650092666
290.19305525385874
290.1506161918686
290.2394600476726
290.3343817771216
290.3161602087567
290.3104584043432
290.39415762629585
290.4000146473362
290.4961270806215
290.4827367851869
290.58134859041274
290.5362952107474
290.53438230777834
290.6485273076427
290.66074775380594
290.64898723931253
290.54506615291535
290.58880418532317
290.71737033113317
290.7003506764647
290.77645399867436
290.8683017962496
290.9055380317909
290.98838123892006
290.8631241769589
290.97719614470935
291.09013702866645
291.06775414208164
291.1552531782118
291.19237639981685
291.20186156575926
291.31824858338547
291.1698786689157
291.2805718421813
291.3027130540005
291.2850305161444
291.42391680394826
291.4704258496167
291.47341208471863
291.40534777774553
291.63394069187206
291.5619667501019
291.5939875452292
291.64124678534523
291.7346670541705
291.79708370032785
291.6895202097443
291.8279964751081
291.7999724032615
291.8223757484604
291.9096710882552
291.9370746144947
291.8368157476239
291.88525380920026
292.0807601068756
292.0677927024267
292.1121308199125
