287.9784503361998
287.93225160549434
287.960603107564
287.93499325859364
287.96962566834725
287.93719952918855
287.89029190511513
287.8976062759192
288.00786444663817
287.92410639575036
287.9984571498922
288.0222102038593
287.9250603822978
287.9058700239404
288.0548270190623
287.9971276208961
288.06137426408253
287.97306211043224
287.9268776130949
288.009928266695
287.9562859791486
288.06230675465827
287.9779457652472
287.8978655392104
288.04785900634664
287.98479753352154
287.9390662186425
287.8200725653898
287.8646711568865
287.93005988587936
287.76022176807675
287.85239636608196
287.74221801449204
287.7779102975758
287.46076926469493
287.6234391479573
287.67817328685345
287.6680773736666
287.6445108747133
287.8046738553144
287.69431612568997
287.6417158239793
287.72324519919744
287.6193035145618
287.67505422746916
287.78471622780216
287.7909115754374
287.7696872257893
287.787505441624
287.6238532229741
287.754255980032
287.6936317604783
287.7545040654262
287.7194213392308
287.8148417397422
287.86663125552326
287.8527943938824
287.8272257215957
287.86204064437777
287.96879988286435
287.85770856646985
287.9537975714128
287.74807046941896
287.8290652558411
287.8539933435349
287.82142995894907
287.87367310550604
287.84630418620293
287.96882346666274
287.8978512069722
287.886495295193
287.9655034055011
287.89508183317355
287.969505286256
287.88856347522494
287.89007454416856
288.00724410440586
288.00754126904104
287.96804860489254
287.98655907095105
287.9516060462699
287.9454751167761
287.91527811915705
287.9225373469802
287.8363811637445
287.90992452998967
287.77320566666623
287.8334219313477
287.96695321057916
287.86325312383053
287.8966874747138
287.92463386894116
287.90194257079355
287.76462434910815
288.00352301571695
287.89257290480384
287.96784285630065
287.9468120966179
287.9440125712429
288.0277536041467
287.99095404093214
288.03420599057677
288.14487309380695
288.0029860434432
288.04271585310124
288.01356804800656
288.1430852311229
288.2017142946476
288.22830161089047
288.15141971689735
288.09283416387194
288.230096600622
288.0873283988896
288.0664461569811
287.8023265281781
287.8969174266271
288.00522866073817
287.9359469218296
288.0312184932656
288.0315152587176
288.00412244901946
288.17242508653385
288.05531108611325
288.1387104343124
288.1312604733304
287.9834682495939
287.999938329622
288.0714876882142
288.2166146603751
288.1551123049834
288.0277182738417
288.1708517223859
288.1011898242697
288.0345255249119
288.07448747903874
288.1336209815974
288.10132146533977
288.14149558820776
288.00656809212376
288.19822158846216
288.34560592708317
288.37564591604695
288.0074168991921
288.2265818864429
288.26582119223525
288.32862053608153
288.4119525227531
288.54677844310106
288.56444131720986
288.7080231870417
288.6166582763908
288.64300587274676
288.58425153232366
288.81661440781795
288.7973450185917
288.8948176484215
288.861311904739
288.7887280082094
288.73413244521385
288.7148490501153
288.6688594212379
288.7434758464174
288.9593529708928
288.92556045883714
289.0484775484958
