287.5332297519599
287.57951688353245
287.7463692170687
287.6743412406056
287.73113613057586
287.5912890195672
287.643324264317
287.80440783512245
287.7180981024407
287.88302772677923
287.81304978335413
287.9099610613152
287.733195174058
287.74061339748596
288.00310253087076
287.9435812401139
287.97300106999455
288.07827618205937
287.96762681357023
288.0281404890174
287.8562031579204
287.94829898289055
287.93650725069216
287.9164888577953
287.9113753836764
287.9065900470164
288.0275638943488
288.0107697921754
288.08806868893566
288.15710717311094
288.034524609818
288.0193217220957
288.0664884324605
288.0409261707503
287.7024707569539
287.6661344901892
287.7979265211842
287.8134195177444
287.99628103812665
287.9677778892359
287.91404268390835
287.9756655151024
287.80464532542385
287.89119486688577
287.9554355037887
288.049708321898
288.0702093722239
287.9862626985801
287.9084875805423
287.8797938157522
287.99632238453034
287.93476690915867
287.8164495635371
287.73834446720645
287.84491298888037
287.75301426890866
287.66777773738994
287.7245382881006
287.88252112762495
287.88932898584824
287.83721448105405
287.8357164872095
287.7939618515876
287.69039352888586
287.9631278682927
287.8794091257801
287.78247302787776
287.919199988489
287.98736255722366
287.99725320334386
287.83726096686917
288.0060956437488
287.89039033968476
287.9156094957996
287.84286125937416
287.88058498382037
287.9480076473389
288.00421811191916
287.9987583815895
287.83385158611844
288.00521588418343
287.85957619609854
287.9540161689593
287.8763577300562
287.8236598683529
287.7617645259968
287.73364011048756
287.81644574328794
287.9901512253813
287.910890430141
287.93980528372794
288.0649665712325
288.07020973771546
288.1037305344661
288.1010394372554
287.95918654173255
288.05216125454496
288.0915145986183
288.072841254076
288.13593131229635
288.12317806027227
288.2962672322097
288.117738049861
288.1518930089431
288.1908145410482
288.1738077620264
288.1634445789131
288.1774680965662
288.1960999123635
288.2648115373264
288.1476296255102
288.12288307125874
288.1272372294062
287.92986474775364
287.8068503429492
287.7987282164973
288.04386763083284
287.9085885828513
288.02678768545167
288.02602076662555
288.02594472803656
288.06662389777074
287.83688014682446
288.0065613511521
288.1238302146506
288.0958188862293
288.01313240389845
288.06930763897304
288.1617702366321
288.0457301705096
288.0752195360113
288.2708559095806
288.27275887207975
288.1548020406554
288.1655719598646
288.0038686947676
288.13021070375913
288.1772299055593
288.2709460336768
288.35537259131536
288.26143782341245
288.1443981226626
287.8989405741538
288.01519075889524
288.23670731069603
288.3354018882572
288.18830434368874
288.4379013095113
288.36833049523335
288.35236375427235
288.53221839377954
288.6401584806498
288.66628456572147
288.56170359106864
288.5858712299942
288.5197505777611
288.62188958497774
288.5713694697653
288.576330845026
288.54392365989105
288.57323218275087
288.65174481354285
288.69692336874675
288.75317504313546
288.80453956522393
