287.0846669980642
287.03840488827245
287.1151368806883
287.2104693311809
287.1132856652278
287.1363701646797
287.2532939183032
287.08515933232576
287.0308417232615
287.1333799092011
287.1512917358521
287.21272040711904
287.09929374216193
287.2355463393023
287.0593474078536
287.2196224057495
287.37350361038665
287.19859055651943
287.21098732555924
287.10993390266276
287.23727015591396
287.35116040373566
287.35803823609746
287.2298678491615
287.3063843141017
287.23304024984134
287.4036835565922
287.3567892512409
287.40661992826097
287.36917610734355
287.3239527062963
287.30701086795244
287.3117580924913
287.24768614783994
286.80635246028226
286.8143430885331
286.86443535521613
287.0602864023918
287.17218179784027
287.24928336176754
287.31709432340904
287.249111878326
287.0480658313737
287.31756320058116
287.36572428328515
287.3325940902853
287.08993792288754
287.33486073565894
287.4000254587899
287.37664778987676
287.1549644915023
287.2680020641247
287.38351312929103
287.0925566129486
286.98618764154037
287.208164393333
287.14646245753164
287.17963364801113
287.28870019732267
287.27099785399173
287.1180529543915
287.17322273677337
287.1545733530571
287.0852663015512
287.21375471377615
287.1374007036276
287.1923384931889
287.2869827389178
287.2770182351282
287.2835859147815
287.1981824819323
287.0861132821251
287.20795023439814
287.4848004179898
287.5271588047562
287.44776178554184
287.3959720812707
287.4360172221555
287.208349940836
287.19432471296506
287.40555366172214
287.43952815102006
287.35019696491867
287.5543474350465
287.63794272605986
287.2754875897411
287.1878347057124
287.3740522250485
287.56689615210314
287.5199565857371
287.34478477421425
287.28978310914954
287.43945911959327
287.59327198979764
287.41963881875796
287.4642543574641
287.5522470078261
287.2556506634799
287.25727943976307
287.29176501507663
287.6543195563931
287.48866746793334
287.54371213595385
287.46318826626026
287.3569665912252
287.45125930885195
287.60249332121856
287.6674872046032
287.3586268055039
287.42638130936683
287.4543553475267
287.2033193269658
287.20747844071497
287.34680305193996
287.3859949527827
287.3441679991388
287.2147204480735
287.1740609401922
287.392103800668
287.52791625332543
287.388824606877
287.4440995341658
287.42983727489695
287.19527867781176
287.1852781257831
287.2414965489102
287.33110406015015
287.54972727890083
287.51183673384486
287.41291082429973
287.5485592877683
287.67425377644247
287.62627763114745
287.7104344657602
287.70295789249485
287.62357431263445
287.6666540435129
287.7774513549053
287.75977005761
287.7125442832431
287.77798549660855
287.8073655381901
287.5274955243551
287.3779517938231
287.42219486238093
287.65611306980566
287.84107461796145
287.79430055131354
287.79762561466123
287.75491410827175
287.7769965975976
288.07091444877244
288.10727740774877
287.91739514008754
288.03573295198277
288.03408726633023
288.11942279133245
288.2341454779956
288.07946288633235
288.1763701143694
288.34311775031625
288.2660035350062
288.06016759996857
288.14079467096786
288.4108489393441
