287.15820672520044
286.9416580193199
287.10763129524025
287.23384446137595
287.33402231546137
287.28124007097904
287.2730432768415
287.42826973800106
287.45052058139254
287.28622576731044
287.0870985886928
287.09630410643047
287.17151073111796
287.2426096648983
287.0118479755479
287.06312937841216
287.2179360716917
287.1985792829318
287.3387413344152
287.33430083863885
287.0373104762572
287.12370181500177
287.23037899546244
287.19703691730336
287.10457814289373
287.4365544030162
287.48862169259206
287.24088176258397
287.22002668116926
287.3040540756909
287.22575584330036
287.3222095184761
287.32240009856656
287.3334047998428
287.2197366626349
287.09055298714355
287.0508468822352
286.94814563362064
287.1724454838055
287.02204526556784
287.2122926935009
287.301691417964
287.3890138197542
287.28868924933425
287.1764548397123
287.3106080903681
287.4594214596335
287.41319240103013
287.35702132804545
287.48288029096494
287.3766180359413
287.38290257457356
287.32686730973927
287.2575755320813
287.22719875864453
287.3425203494171
287.42322568093925
287.4513021570352
287.44354674949426
287.3050710396871
287.2233448801428
287.4111797751174
287.12881552831607
287.1652031224896
287.14329487293077
287.1835025113443
287.3428966321563
287.44796604667056
287.16486663215926
287.0720250998458
287.3265588907328
287.1714795424559
287.19153091741214
287.3014057027949
287.3657987413806
287.43332715187927
287.22881260017084
287.26924816314653
287.5054232103342
287.27047119709306
287.38209707427836
287.47626853864665
287.37278257236085
287.50359903908276
287.290746008543
287.36235054943796
287.4698565625399
287.4944939405092
287.3061543280726
287.38165930270077
287.4782409887504
287.4420652150735
287.42265252635457
287.4830793353387
287.31371242530935
287.47777034590456
287.5263246271653
287.24598474789497
287.1293216799544
287.3455393651613
287.30879694042926
287.2633898522002
287.4331408328003
287.3211150162677
287.47567363258787
287.5697270253271
287.5798415200391
287.35612008376694
287.4371698349278
287.5580052818964
287.449219462198
287.3410277847802
287.3460389279996
287.31463912091294
287.37766782944647
287.15368464417975
287.2829285466441
287.27936312206594
287.1961829847053
287.2999721156861
287.33660187684325
287.32207491159386
287.43397953263786
287.75632833904695
287.5460258416596
287.3715557383584
287.37449884316123
287.4723581775468
287.5683337895185
287.5951788813337
287.64242032787877
287.5847000888817
287.490033826829
287.60873220573313
287.5665383095204
287.59628080064994
287.6015730555098
287.684690986227
287.6834146639802
287.83189836851994
287.75811230293533
287.72364766876416
287.57856096199225
287.53479671017425
287.66899030802034
287.6828829905967
287.8729713980086
287.7913189501341
287.66449876275084
287.845156696335
288.01753445086456
288.04815759968517
287.9641841010184
288.05194235997084
288.0147998819765
287.9739261540626
287.9304567477952
288.1252982599642
288.21283955833417
288.0215449724746
288.12520847091804
288.2682211904713
288.3894465632003
288.45617328616106
288.0772436868727
