286.84179955742735
287.0228149506731
286.9519470768186
286.86991824309547
286.9382435051423
287.2870194345975
287.24563799073013
287.2497636956185
287.2521555804753
287.16795609805473
287.1642897926014
287.165840810946
287.1462202095794
286.9192583002584
287.01170412816725
287.2354721733762
287.3723450110968
287.3286472682512
287.1496864690254
287.0670164022866
287.2205416312289
287.1716987906794
287.24035836930614
287.1734448152187
287.15554887850107
287.1931315975421
287.33796308131446
287.53231749167645
287.35087704487273
287.3037907542274
287.3398187997789
287.3864027624597
287.1437584652937
287.2609967640542
287.13119037846576
287.0942959368226
287.01702716019435
287.1111733583221
287.28080417433733
287.4321895400612
287.17759844133525
287.2173074946081
287.3350393408417
287.32712548135856
287.22212718415244
287.07477099499346
287.0875080666775
287.2482559372735
287.3983199092214
287.41839077422327
287.1094740064902
287.150697366405
287.2337455200318
287.17010181324036
287.2601972151393
287.3769495041844
287.33976108826994
287.2181581755183
287.20776682626274
287.2850100573867
287.3343365169691
287.32768943220805
287.1213329059192
287.125202290285
287.190987650773
287.42947891706405
287.3185434959579
287.32031421435676
287.29956221338836
287.4220099978751
287.4287159459148
287.35680844563154
287.17222658483865
287.210300184612
287.3201339139692
287.35020098616474
287.4499258860689
287.3333059200054
287.45911521309256
287.4993134875501
287.3098573538581
287.4447199892775
287.42530282834355
287.34673371214325
287.55167744604404
287.6585559368386
287.4792210934143
287.4312484831864
287.6079297328969
287.3208811063705
287.15361137416903
287.2360804186255
287.38987294240593
287.50190332585805
287.37635586780675
287.36139405468015
287.544573302121
287.6064746471003
287.5028289230393
287.461856709588
287.59717477629334
287.49556783235477
287.3727911842801
287.09196334136544
287.24688074224633
287.47202499471075
287.20266143977756
287.27320080600276
287.4602008676904
287.32560810720634
287.3695113599622
287.4402810923524
287.36502474321793
287.3455491078921
287.3061691412973
287.1486816812838
287.1656443876703
287.18833838595646
287.22646455319665
287.449999139403
287.5502684624734
287.4348478749541
287.35054402681277
287.54635338042704
287.53126634777783
287.1671141782243
287.3733376148286
287.4974527466604
287.46828364848864
287.7711404608957
287.62103227218455
287.3679728289864
287.41181765208245
287.3626079362496
287.54095250991486
287.81186133341726
287.57446915371986
287.6470356782813
287.72115504637605
287.6728901769785
287.6580359742752
287.5182499089633
287.38290007759514
287.59427093957066
287.7550370485774
287.6514448764864
287.6774709191495
287.8011366670841
287.6354118496364
287.84127642493354
287.81705874476285
287.8468077603751
287.9347692492584
288.1619034307572
288.1844907228578
288.0425933905355
287.97210466540076
288.12829377957246
288.1895466440792
288.2512109977647
288.4329574632417
288.30453686311387
288.2071568003468
288.2402852591805
288.47039995453537
