287.30451557255947
287.3138185338402
287.27565185759437
287.24737055553754
287.1310483512374
287.08388612529956
287.1811667637009
287.34885318393793
287.35745601017777
287.3134913525308
287.4230275699811
287.26833718183735
287.01125970143755
287.2130680937057
287.30430502939134
287.21587813378505
287.1286670719423
287.0704096016587
287.13265745181104
287.19600882665026
287.363141105178
287.3109375143482
287.28008626728405
287.28155165945225
287.13788926660067
287.1301274744667
287.38195886189123
287.5000204942775
287.2396865369521
287.23126487852005
287.4012674162026
287.4890827155601
287.3470257513814
287.35249086802366
287.0550853089853
286.99801777836944
287.1472375901698
287.1828545523877
287.10233770373543
287.29314930562316
287.4443952624836
287.507368123919
287.2985939077765
287.32475673625004
287.3746329207107
287.32879011815595
287.2347908416808
287.35811699380497
287.5040941062823
287.37533848268197
287.3188675002155
287.43766957223215
287.2878512356919
287.20371925521005
287.070010087225
287.11798122488676
287.1414708320233
287.20833127632324
287.2298345073934
287.2454380981321
287.1167286083384
287.1099953239213
287.0813888050576
287.227356518636
287.2556228771055
287.15461376776034
287.2957470942998
287.23346768105887
287.11838447981506
287.1267262341008
287.1603509380241
287.3549936948183
287.387733121143
287.2339861719615
287.303995126898
287.4872241081344
287.43465864054076
287.2876306654769
287.25716057228675
287.31138229219215
287.289725891086
287.4486232827065
287.5543916974537
287.65325569579875
287.5512310844414
287.15094041817747
287.15632426199727
287.4474098078895
287.4329487566466
287.403805831503
287.4905275703292
287.4913070180782
287.5248200779172
287.6334091008086
287.2362969896163
287.25849358463614
287.3982064773951
287.2567362056048
287.2355830035531
287.4572301139914
287.5377184411521
287.45749903811503
287.47208824853254
287.4611305920156
287.5101150449775
287.4603798762624
287.37956481627566
287.3642521280172
287.46075739584967
287.34446606269336
287.4100254222836
287.28786195283953
287.40208400525574
287.32654260201843
287.3225353291104
287.15715677700797
287.17374625481784
287.130670156081
287.2274379373328
287.28086423092185
287.29859639505617
287.37258482964677
287.27357936678277
287.3376156122875
287.3736541202697
287.36843732518275
287.41046826147
287.37171539090076
287.4136634779517
287.461516942197
287.54590717168804
287.7575231831913
287.5610261952531
287.3374865861653
287.24310184291437
287.5605834780109
287.5506991191926
287.60549475913643
287.6108464175217
287.4865778779092
287.6772309088731
287.6893254447171
287.49026154508914
287.42223532721124
287.4038469061225
287.5311332073314
287.7857144640957
287.78565639073196
287.8769404708807
288.13720535466337
288.2465619559769
288.01785375956587
288.0288065901008
287.95996223969075
288.0907462533599
288.22626153440945
288.28953101256667
288.1012610500003
288.2120967975869
288.39896964333
288.32183921479077
288.34554653639196
288.51370023020996
288.32973282955135
288.4303452491478
