287.1871623450964
287.3115364899697
287.26688246679373
287.2239703583984
287.2613754056268
287.34483585250365
287.1326811041955
287.3451208301102
287.2843146381321
287.40893580570435
287.3478515831288
287.14839912789864
287.185341338438
287.13547237142916
286.9155772611845
287.0262328761723
287.10595035733166
287.1877931529474
287.2798515108451
287.2996668850228
287.43769049880245
287.2381687512161
287.109722105415
287.0742251700081
287.06888398239823
286.95027137681217
287.20234171813956
287.32397929319734
287.23139407676774
287.0339503344825
287.09780473341044
287.1958475780178
287.144055756776
287.26157690923003
287.05836089302176
287.0867402645819
287.2178308222328
287.15580334159273
287.12105281417087
287.26483649198207
287.15140989365693
287.0370051019467
287.1689771288878
287.1834851506366
287.096759190273
287.2544711727707
287.21899916026786
287.22899528148497
287.3129527898627
287.3728338054457
287.3617951394874
287.37036058177637
287.47871393476646
287.08747705688245
287.18910165490684
287.1290666702326
287.1449451281634
287.1291879683376
287.2663102792467
287.3683050463939
287.303619201894
287.46498236230025
287.13359293475725
287.11796501222744
287.14781535408497
287.1720293184729
287.18189511998145
287.2323121611477
287.40699958100953
287.24554400451365
287.3969907965612
287.43359419463616
287.30908888984976
287.30118835495284
287.2898163831362
287.4310327823578
287.4527207317423
287.45179150842074
287.36724737162785
287.4166263846319
287.4088167523404
287.4284832629482
287.4382445660731
287.5143081662499
287.3753649920073
287.48434695749586
287.37403246238887
287.52373904407307
287.42683587689646
287.38886588350135
287.4372612052954
287.445952827183
287.36580652270806
287.38134645104094
287.3262039790243
287.34664409187917
287.44313012779276
287.4241432946669
287.5108886294242
287.43310031407736
287.3909032429696
287.285608151681
287.45036732914514
287.4321692628197
287.3513937027899
287.3557223846187
287.4941991898984
287.48334889506015
287.251701529939
287.27552169346575
287.44216416548454
287.48763051023883
287.38347624219665
287.3087402177982
287.168061326852
287.1055414398144
287.368178101033
287.30046677942977
287.23185067563065
287.4069240138925
287.4135868529765
287.41322369000574
287.48058487443546
287.5948344098495
287.48919505780424
287.52102806628716
287.36559628939125
287.3411146478305
287.4426517589141
287.5112252335904
287.43410279367146
287.57975365634945
287.48038286544084
287.2032189739143
287.346384259163
287.5073425602071
287.5710845539786
287.4839676140456
287.73762268153985
287.66627860269205
287.6228153892196
287.72606719192163
287.5413848440967
287.5540972984021
287.6364678125838
287.6822215425165
287.57246705846916
287.72043235765454
287.9391118389625
288.05311803763664
287.84539731830563
288.1751411963474
288.12654085026554
287.9191391680737
287.99013710066555
288.1606732296343
288.2251648522388
288.2169704101423
288.09032433486374
288.0613998122822
288.26834010422067
288.26187398166206
288.17009370487966
288.3521114555125
288.4742348048737
