287.15031814751796
287.29777771125055
287.3126130884481
287.09425179525
286.9922921201731
287.04956032611653
287.25591476681626
287.2468316123586
287.1236533529907
287.1778672533895
287.31880739347565
287.32292294478026
287.07251853047296
286.8878736748779
286.93928039291035
287.18539190587296
287.3906605451649
287.16198437020574
287.13421319804854
287.00575890027363
287.13800668740487
287.28021517132845
287.1453747904163
287.20018906901913
287.3543480105524
287.220901543573
287.42764465654176
287.06188493624853
286.9272734636271
286.9670021273847
287.00251350653025
287.06370381874336
287.25108682234924
287.1211258363978
287.0689046276438
287.1161505095437
287.0090705388063
287.071064773834
287.08598063145524
287.135772943591
287.2376123797217
287.1352765577943
287.06536057642626
287.09323207711896
287.32669420848924
287.27049415797654
287.2458731783377
287.20128926907404
287.2556033724646
287.33783850297766
287.37086562482307
287.14468941859144
287.3372641152326
287.0809319164073
286.9661481584736
287.0622145115929
287.20084303812524
287.1698750147301
287.1574643364355
286.97884185526135
287.0878323012288
287.14662341983524
287.1028753127581
287.27270162516635
287.1549108807242
287.2349612634374
287.2380271869679
287.1918153700953
287.2447571216456
287.39715090803645
287.2050043690759
287.25974727882914
287.33505778284274
287.3579979554043
287.33278362124247
287.37905297578953
287.21997593782163
287.1859245146454
287.3182918206763
287.2781340468626
287.06207440285806
287.2682292844638
287.23230033696404
287.3319162687983
287.38105805937744
287.2132778856698
287.23462521095644
287.2984836337372
287.33421732784757
287.4555623431272
287.63548468446396
287.58407404254575
287.6936278916778
287.5413985357172
287.3471094796347
287.3656694394707
287.41944906568455
287.4509240990569
287.6248383124996
287.3595454985549
287.28189335476503
287.5349083161711
287.6195896338022
287.2491615571752
287.342802801739
287.5208561110315
287.4782972623561
287.6738620292245
287.4772377504012
287.321646297
287.21492394697214
287.3432078526485
287.41041086072164
287.2049885786927
287.1933150170742
287.2969043630636
287.3149931792081
287.07512285341267
287.2156718902812
287.24276112990094
287.2621036746432
287.4398101612352
287.52946602528016
287.41993400406324
287.47533011214557
287.47482558041787
287.4447434535968
287.50413745162473
287.7654125653038
287.7132826254361
287.44924202349955
287.5661116701625
287.58183284384677
287.38648680203505
287.5636595196613
287.57384277666864
287.47199078843283
287.4286678897754
287.38496184571915
287.5795566102337
287.7416209480527
287.5965495593503
287.57238985005336
287.37280073139414
287.5971256106087
287.906740290902
287.8932163294063
287.92952557385087
287.7585896388874
287.8258307132737
287.9321496042636
288.2547729171097
288.19720162039783
287.87027151579275
287.9745883286041
288.18837210240184
288.2839585931684
288.42346753904957
288.0482250343106
288.1552546028522
288.3521871110776
288.51205991336343
288.27819851687764
288.3983182280696
288.5068156383353
