286.9656693928511
287.03421961477864
287.0758965053218
286.96288990782904
286.9801885671809
287.05763569252537
286.9844534836904
286.87861686664843
286.9496706582341
287.19646189256594
287.22286508001616
287.1472480633405
287.01232967381463
287.02867279678253
287.0996310876151
287.08745472714816
287.0075233676731
287.08728849682586
287.2747548165315
287.3222166238197
287.2268854134807
287.26699765260537
287.33367787816513
287.40351785715825
287.28275825714024
287.2792450388841
287.2411987217799
287.0588811633444
287.02872227732394
287.0969945194893
287.2206766182531
287.15477351462505
287.0276751022107
287.17627982660025
286.98942126351915
286.929263423926
287.0679136915777
287.17141428559603
287.2515399654362
287.2247738764429
286.9631182459266
287.0751165475777
287.18376095701075
287.26265213585185
287.26608499275403
287.0088118164223
287.1082345545081
287.07676899773026
287.09943462902913
287.1438661544007
287.15821334488635
287.1573842401286
287.0387633209481
286.9150478533633
287.03358132506236
287.02198918013187
287.06333431529697
287.0050739771522
287.0205383747096
287.1022867255912
287.02819623739526
287.00855985912915
287.13362545762493
287.1864813346482
287.2186090610175
287.178668270577
287.250341436649
287.10519187632104
287.1830596455496
287.18371649993435
287.2486116113647
287.1507752437674
287.3505820987595
287.4297505624237
287.12521449664837
287.1858623101728
287.2235514036802
287.2480280313569
287.4786366561327
287.47965808406553
287.3900431519776
287.3813435739533
287.3174731063784
287.4722895516762
287.4314007141892
287.45376752916076
287.5933360619688
287.4522304383394
287.4622501019701
287.43354352670366
287.2876323193048
287.32417516466745
287.3358960816586
287.4647191960643
287.5754720035296
287.34398471130396
287.3451785722849
287.29250937666865
287.2474519812476
287.3664067816701
287.37309988741373
287.4068558757069
287.59491591193427
287.4326056098318
287.55331496868297
287.49421276629704
287.4031097330151
287.23844764978713
287.3753652329254
287.3195099014014
287.2139100536028
287.16333993231723
287.31006296313444
287.43556032078095
287.3450962680737
287.1640669203112
287.15126796996185
287.1314279341816
287.25362541960965
287.3527506297976
287.57550293380496
287.4815868589059
287.2619927193341
287.4174532425569
287.5730741384599
287.4940197530895
287.581249070148
287.68641518445554
287.4620120507912
287.5719861349232
287.5711925306439
287.31227467026395
287.3961460047406
287.29682503194226
287.48022205679723
287.6921631248971
287.69785768150456
287.85829724738943
287.82382878484276
287.5321204697502
287.55524953001736
287.7367982411835
287.4045242200479
287.58961383659033
287.8101683301384
287.85517944281565
287.6456913318034
287.8176072717682
287.8499019871394
287.55657755089584
287.78906144698846
288.02675077276166
288.0615955645095
287.93430522936495
287.94798091542566
288.16259561669926
288.23450774324385
288.07260322650217
288.11287119377715
288.20569952241715
288.2073920640444
288.1080837022907
288.1287396430708
288.24804962824055
288.3682682589633
