287.3082575105731
287.25445454886705
287.06002728240617
287.11948689097045
286.9959364853273
287.05292274460993
287.2086030944652
287.2812572450829
287.14186667029503
287.0558026308521
287.1555318098048
287.0462026612023
286.95754432633936
287.09360812314844
287.2935802647604
287.1105530842487
287.063785728599
287.0609156272339
287.00047819629737
286.99044065735575
287.1302811756858
287.2173769040419
287.01091298265516
287.057941502386
287.00056895169394
287.0766837167806
287.0559298124233
287.23333094686006
287.3618612306547
287.2263257490576
287.2956330904592
287.2369106506189
287.1871045104247
287.17967527104173
287.0252841906972
286.99432864955764
286.909534505961
287.16590980207775
287.3377628725875
287.1223864125902
287.1668266998103
287.2172104902754
287.2046686963217
287.05892732595345
287.06441555949516
287.1165978783639
287.08458568310687
287.1201992811997
287.01976176358727
287.04236197661834
287.3160055713811
287.29963268176067
287.3963154862394
287.2308974372829
287.02798873749526
287.1118071908115
287.23376196262814
287.16644239432884
286.9186844374651
287.10468900350867
287.344774808736
287.2950477044507
287.1559497297879
286.9545022066576
286.9554870510827
287.08760428298007
287.041225531738
287.06280987701604
287.0689618895069
287.08941133620147
287.16824613210525
287.23811686262036
287.3226492648645
287.3599747163294
287.27255819728487
287.3458466624126
287.3195326113892
287.2397616548039
287.25519811253224
287.3746214981111
287.14729356603135
287.2432314131275
287.2590424485111
287.083109973015
287.2775246126745
287.4354702584583
287.3551292678468
287.3684661191834
287.296915930914
287.331040724911
287.399410821801
287.36957898353853
287.42551568411636
287.4980914295769
287.5082109137352
287.42482159801995
287.5190406591024
287.402892983363
287.2986340270093
287.396288373448
287.47178107455784
287.41581394409985
287.3066194128871
287.36691478770035
287.16287405304104
287.2886621831078
287.04601011864514
287.07200198597445
287.2958652596929
287.3771719774748
287.27134945165625
287.37125868487334
287.42322944693865
287.34692658897455
287.2773912332053
287.1964263325157
287.23078131337485
287.265822692648
287.2493783125518
287.2423872720744
287.14365204941384
287.1291795156483
287.2021802441964
287.35042505371644
287.34638204361636
287.38687172439404
287.24842559266085
287.36105747300394
287.4056733878999
287.46338880238767
287.4342314192201
287.4692473115819
287.51294387913106
287.42194297586366
287.48947887725654
287.5109191639029
287.4656674949511
287.48571501112923
287.63564871539205
287.6808297536118
287.75606240654747
287.6269358168993
287.6196186524189
287.56152011136106
287.5945204851491
287.628668848788
287.65024998900657
287.7659526514191
287.9477543257977
287.96011449250864
288.02786472878233
288.12372434091924
288.0536488280465
287.9062992273046
287.9901670469612
287.94133433785976
288.15370009461446
288.3794769766886
288.19158342497775
288.35744730105705
288.39438827126
288.36913484683754
288.08616480272457
288.20956910483244
288.3803762457359
