287.2041038377177
287.29540055320996
287.1330258198488
287.1359233892995
287.09815298461046
286.95196686310976
287.0782953508646
287.17290592572436
287.0435659322466
287.1978496375175
287.31138900532926
287.1849575750817
287.3329350717275
287.31265114936593
287.2992245334138
287.1963671709393
287.2817318079796
287.1356351514645
287.07805665375827
287.14348491624503
287.0889082188159
287.1292776136159
287.36402604534777
287.32285262597804
287.10147463042244
287.1719502287084
287.0956306932734
287.20925648742866
287.23167640830957
287.2918281797237
287.3521793899425
287.20878519197487
286.9632009633802
287.1468486639714
287.08433423538816
286.93231229516726
286.9674164002367
287.1446043026724
287.19065333586
286.92888871999423
287.0704319854956
287.2772004238522
287.1924697275299
287.2286532338483
287.2380383694605
287.1769156728977
287.1836921660759
287.22269000714454
287.2599466642393
287.23862764590484
287.2581809750092
287.26305713537266
287.3076821461552
287.22715384238484
287.34744421760934
287.2233952966022
287.2767266596995
287.2341000478244
287.15506250812746
287.1458945480175
287.27503100089615
287.31213511187457
287.07064548764276
287.0482451502718
287.0990153996922
286.98638333855024
287.07468731748327
287.1472502348236
287.2547720199678
287.29924947886246
287.229235274103
287.27953804216594
287.2721591590541
287.3383739830422
287.3478518642795
287.4225636560171
287.28825910882966
287.34151703727997
287.50556058825464
287.5022545953896
287.472372189348
287.17762176120436
287.3347250524758
287.5026050172312
287.5028120165012
287.6054796401368
287.484951198307
287.4466812354245
287.30635297593966
287.33905219886134
287.4920429330025
287.2631174735325
287.4441772056433
287.366809666391
287.31218157096293
287.3651749269757
287.4733949782915
287.1768519306875
287.02281056876814
287.31647903116794
287.24743155745176
287.3474240316081
287.4456411666136
287.4443817618078
287.2100592527277
287.4625023271768
287.32387249864524
287.1809127552787
287.4226156462911
287.54736837903624
287.260906330655
287.2231790556073
287.2847040500696
287.2358096778351
287.30588568211067
287.23814287825746
287.1142080454828
287.1663213980304
287.11017999294006
287.1473876628126
287.31595051070616
287.5744246353857
287.3712172933744
287.24043169286887
287.3325697356569
287.28939019184196
287.4062871330102
287.457287822386
287.32413356843807
287.49045843679556
287.42465252402815
287.4830713240922
287.46600843013204
287.4354527040277
287.52307415025535
287.4845781236282
287.5139412082534
287.6806859961755
287.67789198695453
287.64771042970955
287.7025557231986
287.7895504533597
287.4021605241416
287.6666916014563
287.5866101468987
287.4936658139487
287.6408685114696
287.85578884221746
287.7768808026374
287.746464230913
287.88229832796276
288.0297206132863
288.10405061963206
288.0315582750642
288.0406856606224
288.04096652329486
288.1653739373564
288.26701511277065
288.0472457479411
288.0302632767038
288.09496584186377
288.20697926719623
288.3846224747535
288.3018510104091
288.1439306941095
