286.98681965356116
287.0367062599025
287.07265094273254
287.0211697273834
287.20333220552067
287.2161587284582
287.2379190644759
287.16565499904397
287.3465055759469
287.2852589835191
287.4151992018379
287.4142805114346
287.2927943899704
287.30256062387525
287.3593672860211
287.44312435782984
287.4776642459048
287.52733250550347
287.5835077994918
287.54195880642595
287.4362528228442
287.67531555929037
287.5783401923608
287.5434784247051
287.6196746698475
287.796861778587
287.89901775386295
288.0671451949522
287.9289015745077
288.0230889254789
288.10924878833487
288.0060483901765
288.05056105883097
288.0548231707007
288.11615523400206
288.0803874545384
288.3452424678238
288.3154006554343
288.2079044073245
288.50563051548977
288.4578931796353
288.49887483502414
288.68233222688576
288.59737363808335
288.61123955025715
288.6530020078041
288.8316048044577
288.60731162797333
288.8040299619442
288.90293671180314
288.98059429499693
288.87712946533605
289.0451267703218
289.00348995888004
289.0257206987428
289.1103092245978
289.334885816983
289.3948686373411
289.49981134620765
289.31653894106296
289.57119171598856
289.5797138789757
289.69033969494143
289.6645842036376
289.7493706349451
289.78357202394363
289.8742066345095
289.7105336434648
289.91591931211263
290.1500562419527
290.1231866700143
290.37915583535926
290.37152526822683
290.3156715718632
290.4273841751604
290.21867155196327
290.3447296644963
290.4725104032395
290.55354545899866
290.58240344915953
290.67145180355254
290.781297153654
290.73877580222455
290.9835880096045
290.88498343573514
291.07848560380796
