286.0857605297969
286.03906689125574
286.017570409372
286.0292284619516
286.0318774242776
286.0116732990351
286.0430103766804
286.1877528742351
286.1556329763861
286.0983253775272
286.1279886219678
285.924493025312
285.83547450111433
285.97578887516426
286.1314583490218
285.98706991624977
286.04767499709016
286.04137393624006
285.99890168409155
286.0657172469362
286.06401626631776
286.0456054769527
286.00499340874893
285.92221607336285
286.0692378249333
285.8528912380547
286.0070539574494
286.18544475929946
285.9410152133543
286.10322587915584
286.1601246805672
286.04906116880085
286.10259762994315
286.1291196785348
285.71267285128727
285.93397495025545
285.9890336340173
285.87026507574234
285.951770140454
285.8841275463294
285.8283911482645
285.8683254915429
285.9160853132439
286.0622188476568
286.10568229193626
285.9453942639479
285.9238203726424
286.02002431354447
286.0064123270868
285.86966620923823
285.9752210471964
286.0551780628957
285.8259260921958
285.73923789058114
285.65750897265644
285.6567436032444
285.6882243227159
285.8592922747752
285.8042464749403
285.75331273542406
285.8105695177407
285.7548837118999
285.7338938950168
285.8270880714786
285.8999780433988
285.7982375690945
285.745476936456
285.94175934255844
285.70588875461215
285.92097468100724
286.0237294938564
286.0128942346025
285.8902543104362
285.8811846827032
285.9255021115342
285.95466140444415
285.91968041537586
285.8603694370434
285.7773284435698
285.83950591072266
285.826231832011
285.8515349283843
285.83758252499706
285.9023000321025
286.055912282384
285.8803155003771
285.65908103195176
285.79963918696103
285.9658472840449
286.0120637690272
285.9928175611479
285.9821555815443
286.17134811675936
286.069825887875
285.9097982170947
286.15694829902463
286.1749052620076
285.8869589629293
285.97359500831436
286.1845373432093
286.214517953079
286.1261226925298
286.1136492025863
285.97295546089555
286.00676525318266
286.0316188992099
285.96134473178194
286.0722373903475
286.14663865893704
285.9777913158226
286.0960657030556
286.1589014247522
286.1260069489524
285.99654857842967
286.16671190020355
286.1087154221297
286.03181630144763
285.9340149489375
286.16481919678546
286.3180390421337
286.1665221694465
286.2953633313958
286.2071196825452
286.1147483855899
286.26347693268696
286.31036500267504
286.13405894514983
286.23322106485165
286.2433160218766
286.23737386113436
286.5978002838848
286.52099532295506
286.4025015328708
286.28957385014377
286.24254043019664
286.46980484735934
286.45204587408375
286.66407203584583
286.59972677412463
286.50605165708873
286.6585461172025
286.6142483528661
286.5188750914873
286.63378236313997
286.55852851247175
286.75291306275557
286.5872256677241
286.667778511353
286.7553625590406
286.7314754152619
286.8641533149799
287.0131326222051
286.6924572475044
286.83302762687447
286.7847163431936
286.6868905410058
286.86277070883665
287.01479485671723
286.85435813298363
286.8529758611547
286.9873767279562
286.8789476468577
287.13429318499357
287.0130074703731
286.9260565502938
