286.20111112812106
286.03101870818665
286.09485783804615
285.9224839441634
286.10272978666785
286.2172972676703
286.2882440014003
286.3567292188999
286.27608728232116
286.2728368185802
286.2766575354633
286.41790022410345
286.49114915580003
286.5217883126981
286.4284691474972
286.4596788848476
286.4380390344669
286.35727501474116
286.5025435804228
286.5300145424139
286.4701397714262
286.64486071376905
286.68593222704556
286.65626612613454
286.6965697582047
286.4573714206924
286.5776306459429
286.6923234331876
286.9692508827705
286.8344481202411
286.8549312945002
286.94782994947656
286.7587453020233
286.8419190760682
286.9946274258418
287.057336275588
286.82880520535707
286.9568942765362
286.8974098213867
287.02284070974895
287.1454550662362
287.10257786383
287.1678103923956
287.06087706437387
287.0997532972587
287.18289467767397
287.2821546364448
287.0776749765808
287.3072412467753
287.4080659094415
287.3907305705577
287.4896740081905
287.57954843090357
287.56193535558936
287.3780366399231
287.53139268728694
287.7099974015414
287.59859772283716
287.752126442644
287.8118711474967
287.69711550968657
287.6899529769248
287.5069542667374
287.77968415297636
288.00631826555644
288.02181041808007
287.82723170424725
287.78532025126367
287.91392384963655
288.1264564525487
288.303619059496
288.1734524346239
288.36337122884515
288.26883371610813
288.2125932718907
288.3366997730771
288.4768126601614
288.4805569071148
288.5739685374421
288.43757547955136
288.38881567595985
288.6155857589716
288.8767670369013
288.73717073501194
288.7121068143939
288.9689361020305
288.84400557229947
288.8283474688603
288.7979694357843
288.99101705620905
289.13525417177067
289.0258297312727
289.2787146664923
289.1662821419889
289.26876610278237
289.26214425710435
289.2979675433425
289.1385653985081
289.3495257864778
289.2992081721151
289.44557957715614
289.56480808007115
289.6742645516266
289.6313253332202
289.88752876867426
289.754545106285
289.8575198710643
289.8996862659655
290.1333026298763
290.14541741685247
290.23453421660514
290.26795498710794
290.32320638723326
290.4550732926601
290.3479560293901
290.44379899819774
290.5682515202156
290.482570145428
290.4823517745622
290.5256468014036
290.5702542694527
290.5296299440152
290.7766699285532
290.70939095307597
290.8569180413156
290.9815033212821
290.791356411663
291.0436258405315
290.96583575006474
290.99986654822936
291.3066588494023
291.3216458313711
291.450068097257
291.5538119744755
291.45773850382324
291.6144821644824
291.43085309851944
291.53811565089563
291.8006329086683
291.556552746914
291.6682952261553
291.8017955003676
291.95010587816734
291.9808858560582
292.02306355701415
292.2267866007376
292.2548567314622
292.33353288626785
292.31809051313587
292.4421711020972
