286.1037534877016
286.0693253943529
286.1242944934097
286.2879970679384
286.14439860172905
286.1240703985667
286.11088453275573
286.15243300368485
286.1156040157063
285.99957476216287
286.02876626033014
286.0535059481672
286.01987990229395
286.06051216376795
285.8921799382008
286.0157562543804
286.0990985877171
285.8901026038247
286.04409097929044
286.18618109479297
286.11114197306637
286.07958279782923
286.017856334767
285.99960988625986
286.01034459805857
285.97111062269687
286.0307558782216
286.12729889803865
286.0042730306535
285.93945719297585
286.06798676995834
286.18846062097384
285.9221403117065
285.9932436450507
285.6357241502121
285.72941915694
285.87991126720704
285.79341688859665
285.8813340712809
285.8601450599687
285.8309055983728
285.90319293584855
285.8056591690613
285.79341690729416
285.714422454712
285.6161126189059
285.7727929035032
285.8966812355625
285.9757270745243
285.8200717652207
285.85870548446275
285.86444131203694
285.73173602865046
285.6866515857874
285.8794211616743
285.75116561726253
285.6246680762148
285.87019191437946
285.847632427129
285.65736825582115
285.82173270317134
285.8813955915813
285.81365119748006
285.6825646374041
285.8363733010935
285.70277702199303
285.8021800469364
285.97528395558464
285.96849017602057
285.9114537719575
285.85445251747564
285.96073168482974
285.7658537727733
285.84832361216866
285.7871024746496
285.7363218673273
285.8887971990525
285.88210527283195
285.86368555016116
285.8889792945621
285.70739495440336
285.77320030488573
285.782378035076
285.7101843851702
285.6924532651873
285.8340174701705
285.7628044292956
285.8742750333454
285.86961221031197
285.9891674206875
286.03872677593273
285.99267255279375
285.9917727428089
286.0365897969358
286.0194029926557
285.9095803867063
285.93556139068977
286.091656185877
286.15214883149133
285.9552324636514
286.06938883245607
285.94645979157804
286.00868073496815
286.0082582593494
286.0391197349453
286.15231581135436
286.16285706646715
286.02683152103583
286.04693370427384
286.3117472172857
286.28675280650214
286.2040966077563
286.0268443309678
286.2255433079356
286.178069049439
286.28797566745
286.1173388404761
286.11667310750653
286.22544412621
286.32535283248995
286.37468947213273
286.17503537413836
286.25204071756775
286.3268302858534
286.1445828753619
286.1374592782525
286.41161521082495
286.3664031050745
286.29272401071114
286.35425112930847
286.4923159280759
286.3436981374432
286.34114432331137
286.5022615027272
286.3598389017688
286.4781980729265
286.4699668913945
286.58855911933415
286.54615728718346
286.53193876012955
286.6677390839234
286.52543032051886
286.4770078240545
286.55981508280144
286.3199935878443
286.4565173539347
286.6990798051673
286.5065896705894
286.7194545055098
286.76824144152846
286.9053677365629
286.8590348419229
286.8848642028697
286.7841594850104
286.85872980855794
286.649359112473
286.829046260183
287.01328569147176
286.9478676446949
286.7334344873931
286.75697596835147
286.930723967172
287.00391887882597
286.91113484386176
286.97719733875545
