286.0059908260628
285.8516314606413
285.95593004495333
286.09613746081976
286.03362320073455
285.9479365952006
286.1073057758948
285.99401821296846
286.2072689876804
286.0559084339292
285.9978336567559
286.17979605308733
286.12533942944316
286.02580140818924
286.0963893117559
285.95999033780384
286.02555434952103
285.94791591550677
285.96488789172787
285.9677676284361
286.1776548595447
286.2700754831221
286.1619773784684
286.07573464866573
286.01909698226393
286.02822874873686
286.139033017226
286.1086064453376
286.1383322036146
286.10265300410316
286.20514491720724
286.24656285578254
286.15368736134747
286.1527889451611
285.92694947146754
285.97654747841153
286.1472378150748
286.12517409463874
286.1167695004043
286.09701061989813
286.0212829150055
286.0252955179098
286.14978140246257
286.0989731186235
286.12800649028793
286.32630695456413
286.2037808080214
286.2115291502334
286.2299599736677
286.2460312457232
286.2498977639101
286.26162955546914
286.1163401629387
286.01681559701944
286.07489382714925
286.01625720494366
286.08009470155355
285.9291006437005
286.10183878616346
286.1291658366607
286.0802385130159
286.06603872208547
286.02649318113225
285.98468152632216
286.03655444867996
286.21906305590903
286.2134665353296
286.034905578765
286.16142982494733
286.3344340014885
286.14592033944444
286.2598393339961
286.2040858070013
286.0905932740598
286.14051404176894
286.2029033464966
286.06230129099407
286.13058494952554
286.2123876093772
285.9306095468219
286.10128841454554
286.28288280728555
286.13587579939986
286.28273591749644
286.3142233311049
286.1900207187762
286.2783731504879
286.1333173751215
286.05932432230617
286.2715530528781
286.1810299660773
286.1190594844294
286.17281986205285
286.1669894193878
286.20396172067205
286.14324211386753
285.95825244504783
286.08351507040044
286.24872286446447
286.1297926105161
286.3405029718486
286.09816749795766
286.078762795743
286.0245837264324
286.3074518607304
286.14603804205103
286.1377582596508
286.203624394444
286.20935973623574
286.2658216166282
286.3072855533279
286.1798674379956
286.234087295283
286.0892596407998
286.2407823483945
286.0219581359492
286.0598296840728
286.1130639056856
286.1393535514291
286.10611584137723
286.2407557146732
286.02133939607927
286.1509391174615
286.21914000671853
286.2944916403879
286.0507458377437
286.1010643235815
286.1201307688684
286.25552788447743
286.2566486668751
286.5650280245627
286.430190376579
286.2216254026629
286.2629886634752
286.3484250380478
286.25538913290194
286.51518112440704
286.46139858404234
286.365426145081
286.62017152486214
286.7037099962351
286.5495052066175
286.46697988797985
286.5453010446981
286.47006000861484
286.6983333317223
286.7284193835698
286.5950250156769
286.6966133345052
286.7787214889041
286.77028824527963
286.7233882182852
286.8988568843151
286.6424489639965
286.688748345864
286.95711344175993
286.83070115981997
286.9243760128585
286.91921290505593
286.97371060635334
287.09460839456665
286.83248063717264
286.9920824922345
287.2192224771065
287.0981161304453
