287.1014556696959
287.274033556803
286.9817511566831
287.14205654710094
287.18783891829503
287.37611576638466
287.1534318400496
287.39990995859284
287.59465662408377
287.51953972618475
287.5244675742583
287.5252515711888
287.71412197483835
287.5760896318964
287.4563909090107
287.6110922816172
287.68117472162
287.5842477169286
287.63246276151085
287.72671148617405
287.6460937311122
287.7343916564896
287.6720932326437
287.6314248492398
287.8212622090554
287.7571409042582
287.83481381428226
287.5963767966027
287.7939651389989
287.8213222211427
287.7353581829628
287.88416827686746
287.70857692681943
287.91275273118987
287.91286227896427
287.72524052600977
287.82831300493734
288.0870678035155
288.0369537594457
287.8308985101074
288.0108896147847
288.02902064071833
288.0452787713313
288.16672840598477
287.9167966669463
288.01115340352686
287.87487721699506
288.08672405343975
287.9784923532704
288.0937382883497
288.0955859775186
288.1609968260025
288.12808593741556
288.10278843425726
288.1492691419379
288.1896090047507
288.1092050914391
288.17776700618714
288.08092508286524
288.1975177267189
288.12368656083953
288.13908510190254
288.2594583792679
288.1147759950591
288.2291108663152
288.0996844465262
288.2509359374897
288.29812327070044
288.2314660971737
288.1308588176022
288.2479317310677
288.1930078921794
287.9490327669761
288.0082939747637
288.11018438642674
288.0151478092355
288.1209483305986
288.0866598911257
288.2504286987076
288.1864163978072
288.18120682070145
288.249174256885
288.0946468602807
288.26664088490156
288.11798987300847
288.0154187811021
