286.04595291737985
286.1219112882001
285.98126783618386
285.92008075387446
285.9973911537071
286.07962804836353
285.8777248163681
285.95582616038234
286.1522112280321
286.0777098538642
286.0270938609146
286.1485554335982
286.09326625650414
285.8803077958795
286.0251264069499
286.13524317973526
286.0064432565454
286.02450135766844
286.078238029919
286.2673565938066
286.0085590872283
285.97456554024876
286.13203094393435
285.9544751557464
286.0942993583456
286.079389880074
285.99954318157444
286.0389012752579
286.0749723861389
286.02808031647584
285.8266796142109
286.05505540732236
285.95603803779795
286.00371095907195
285.830320562185
285.9516313721646
285.94599509664334
286.07765740102644
286.31615810674396
286.0869200097752
286.04657799698913
285.9558791517421
285.70399442036864
286.0369412417249
286.19759970541537
285.914334610958
285.99424318534574
286.1132795464564
286.17768710002576
286.0578902253348
286.08301825135396
285.8661821557936
285.97112654089284
285.9842647922088
285.78737378674583
286.0760563034348
286.078971320979
286.0688122621823
286.2390126468302
286.1491424573932
285.9649757818219
285.9358950206479
286.00404863378293
285.96042667597425
285.82588670485603
286.04441150214836
286.0963874585293
286.07610322054273
286.09425304854943
286.162925256949
286.14094130717865
286.1092983756121
286.0582231672996
286.191061745722
286.27536273112486
286.06010803738116
286.14846765971834
286.363890713584
286.10953896532794
286.20037580233367
286.2002965830369
286.1188767127697
286.2196603397533
286.2010553520388
286.08281870591196
286.0234413293351
286.28415564196825
286.32597637323215
286.02745252797314
286.27234930059626
286.24884920507753
286.03197967178517
286.05998054647694
286.30090228053683
286.0730441207792
286.19053086116736
286.33754233302477
286.27514156113557
286.28126413606554
286.35528937342747
286.2548157781865
286.316011043881
286.5024275271836
286.3887935737528
286.30985669753295
286.35405325264276
286.211936399255
286.2996392068726
286.376586793167
286.1203078067183
286.0944000650013
286.18438189160406
286.3818859323236
286.179857492398
286.20520660369516
286.23404583029156
286.1604314579036
286.04723768833827
286.1579294618305
286.2880302392425
286.4608030746134
286.2575328327224
286.29094417204806
286.299348179761
286.362566058457
286.3645895073543
286.11014833280376
286.21803762099375
286.4178426731453
286.2156724232113
286.13060279499774
286.38572458857755
286.4271600990048
286.24123701086177
286.43992709840467
286.3107359909617
286.36131578225013
286.5437526302095
286.54638653950343
286.4985370098738
286.48926929955303
286.7369691773249
286.5819940671074
286.43347682737954
286.516288336338
286.58062731053855
286.70461524173305
286.5057346061416
286.7148797352781
286.7555610292961
286.70581723982315
286.89114164951513
286.7665917866256
286.8229285364251
286.7347326398933
286.68535521507545
286.89471435943796
286.99024123827144
286.822807223288
286.8787141699983
287.0663449139689
286.90296897025144
286.8607396333428
286.89429275431354
286.8495215978459
