285.88917984123924
285.6905293484028
285.8689088500548
285.92155384395244
285.6829561263602
285.7850411574022
285.82029792034734
285.7980050872979
285.89209182506306
285.77504363516715
285.78224428031024
285.4665403072822
285.6322945941661
285.82073395145284
285.72445954322967
285.8253414227956
285.9294429330605
286.0173267941443
285.99568905445153
285.8593056613663
285.9031344318146
285.8950562846649
286.0336934875971
285.9989226884833
286.1106062672356
285.92952632479614
285.9888876063181
285.91869794173124
285.6835159130377
285.77130195576495
286.0286245066507
286.03847837083987
285.8294591266808
285.875501552781
285.8678212425922
285.85536729020373
285.8738930040667
286.04044470676433
285.91781537660086
285.92004596994747
286.08062794641023
286.0936703941008
286.04152354312606
285.9236543455615
286.11160429212634
286.1380019346663
285.98352418732065
285.86505319279235
286.0890154176287
286.063629474907
286.0110210911619
286.0803432391435
285.90111540718055
285.8479173566032
285.9684218106677
285.9705664122151
285.9471979332671
286.0779165821371
286.0157841710834
285.7778929668633
285.8194575611214
286.02380719196475
286.0673567950706
285.9904169985293
286.0139754948887
286.18685993820293
286.0800494550776
286.11720866261396
286.00345920695685
286.09214301971093
286.24031788215245
286.1876601184137
286.2205366648884
286.0007457337463
285.95603566511005
286.0105626613575
286.078575841752
286.1313235913608
286.1130493036704
286.1598873573129
286.26952504392307
286.1678950826008
286.15657068386975
286.1763510335809
286.26328199725276
286.0311527254763
286.15114739561216
286.2755899070553
286.19321223050736
286.2991358952165
286.204701797081
286.20317394898944
286.1825779592055
286.3667276089471
286.46676859024393
286.2757215030855
286.2543640496549
286.3053321755406
286.26035767747874
286.38907149857465
286.32238673257734
286.3545740521193
286.24620180289264
286.2864593138249
286.17898113889544
286.3503015343203
286.23999428143765
286.155858059021
286.20794407047936
286.18949049237966
286.30779881531305
286.11356681323423
286.13604569850185
286.1442266848475
286.0938367706434
286.14144202053916
286.0522320833174
286.20561507596847
286.3041166087196
286.0495609202021
286.0017823201435
286.29533622507034
286.2189923945112
286.21723754616323
286.4026289633651
286.31475862947104
286.17756374322
286.1197755508933
286.190031089653
286.14116784837006
286.42710993647034
286.5080060019523
286.2715935824963
286.23417374718736
286.3184519628711
286.40635721183276
286.2123146022304
286.3430268465485
286.6367137420744
286.6443222049714
286.49688224428627
286.5316921467652
286.4103854621126
286.383755716365
286.36707249420505
286.5080322837586
286.7160157708681
286.57831179089396
286.59780403157424
286.53661154978795
286.5599969261614
286.58072733819716
286.60223156027337
286.7026851891182
286.77408173452295
286.6114994948684
286.736971464205
286.81900392200015
286.77887454225123
286.73422059084896
286.882179774976
287.0689048389544
286.92229335305086
286.87882444775937
287.0728726717403
