285.82290074711943
285.8458589857308
285.83267239261653
285.68414976981666
285.70576284642476
285.90089667345006
285.781491220383
285.77852468156334
285.85558257747584
285.9648839834833
285.78349702800165
285.788339392566
285.8082701126177
285.8727839075463
285.76289453944804
285.6595291208112
285.59820133729653
285.8101120557329
285.80254698235603
285.86616648667933
285.93849144338424
285.9517785642513
285.90084683520064
285.8648258118846
285.7486166556349
285.8403001638967
285.9968958126743
285.8542260735689
285.8655885576772
285.9492397562427
285.99879528915824
285.86821574405536
285.86572014076245
285.9923144398959
285.7728925002117
285.8057733853172
285.99818495058446
286.00790437940975
285.88109999346506
286.0247708985567
285.97502681294543
285.9707264731917
285.9886719095213
286.0892377436154
285.9990770141441
286.0593578942778
286.01693303070397
286.16994210176324
286.1359163608314
285.9893032215723
286.0316735191005
286.0258344570541
286.0137989169834
286.01739451610837
285.932663941689
286.16351927564784
286.23945963893516
286.2028487349243
286.2213928569531
286.02285291449095
286.2221047512836
286.3244435985876
286.2570009990496
286.14343539623115
286.21472216774015
286.24677648036953
286.3075335487025
286.33703506897416
286.3762741048128
286.2259757822013
286.3670480483248
286.4420581633193
286.5526117317482
286.3520779958048
286.27941015389547
286.1999339886776
286.27493609697905
286.4955680457209
286.38341599436075
286.4178664212301
286.4779442038622
286.27475019169344
286.2847088567981
286.34531946689003
286.2998084635095
286.21038567998505
286.38124697912787
286.45872790246057
286.25449764473365
286.309587303366
286.35567943865414
286.285746336508
286.25548113424185
286.44886082728425
286.3286739742863
286.4073201051214
286.4199705964817
286.1265572808771
286.1847939535372
286.3020454517167
286.351150246991
286.2570499239416
286.2128626028152
286.12801678788026
285.99928202335155
286.09237869951374
286.28470865226643
286.1595178554006
286.16731651521957
286.41292175099534
286.25204612845226
286.2102183422781
286.1796552368671
286.2031792323799
285.9972515749341
285.92908787131995
286.1803924633046
286.04104166540986
286.0907283604185
285.9831224261161
286.15817998882983
286.0982467848947
285.86547737892715
286.0723308148373
286.2153652600284
285.866613705099
285.95217113214255
285.91121534884104
286.09762427212723
286.20822332058526
286.1735260771754
286.32098368715015
286.1129054234807
286.0318715558257
286.2247535666505
286.0941269342843
286.14052619899877
286.16944071881807
286.18927944969556
286.2084262822783
286.2574671754796
286.45846281179854
286.16821880297056
286.2229851968407
286.39283623810786
286.37754429964923
286.43448513318356
286.6299655521677
286.6170493919146
286.5490804878778
286.50595644175894
286.54057128790515
286.54969369999907
286.53754156654037
286.47201150732997
286.525436167993
286.6288089895592
286.67873883473044
286.67808081880946
286.64387217861525
286.6622166707093
286.8643745958304
286.6429558722096
286.80459909845564
287.0428791637811
