286.02680240014746
286.03131569755817
286.0368623412428
285.9286235836262
286.010094104221
286.14436028534413
285.9629126793613
286.1634853060793
286.01721541198197
286.02757648962074
285.9412034074067
286.00764164097353
286.0724369269842
286.08845752618475
285.91822034726874
286.04590251596466
286.2042936389966
286.1198951143279
286.0997065159316
286.1708224053884
286.2200666709156
286.2535946693591
286.11693209607915
286.12426563586354
286.15301084924613
286.2311280066367
285.95955947283255
286.01211842708113
286.0791443174449
286.0757466325117
286.24127683368135
286.21266868363756
286.11930524477606
286.12301489529074
286.06212282143645
285.92315765976275
286.12025041935027
286.33748566649626
286.2324265478951
286.24390826381796
286.0803074508723
286.19702986520224
286.2878261773535
286.17637991753037
286.1095362693927
286.20375596573115
286.27543098612995
286.2188125779552
286.31206224653505
286.1938328990559
286.10961384506413
286.221853021604
286.2674230695105
286.2854639285132
286.1361490980564
286.3072361342475
286.22698858366397
286.1223868112511
286.2627824499793
286.26692766183345
286.17550181380943
286.3808288827521
286.27499634641504
286.1081473280994
286.1465644428164
286.17450789631226
286.2285872445884
286.181901074329
286.203597009711
286.2862099315783
286.25498862861576
286.2010437776372
286.2867065231294
286.2198089142695
286.15741865565576
286.2067410442022
286.429914350363
286.211168306944
286.2726421113709
286.2838537517559
286.2948963165329
286.3387549011823
286.09938653798736
286.1269806648468
286.229423743477
286.25307965493715
286.2211382910486
286.31300118760737
286.3477121581173
286.147886826867
286.07465503744845
286.06742569167443
286.10498901086294
286.10098348957735
286.16945328003476
286.133060387294
286.1186729543517
286.130651263525
286.21811599128836
286.26907017628673
286.16271376279116
286.0017136254014
286.25323371506914
286.3609291291989
286.09403068663005
286.1159733160529
286.1962574529876
285.97112542457864
286.1717998945812
286.20812945140705
286.1806749318695
286.0331062759607
286.0417515692712
286.19223401594394
286.08844326400634
286.0023522706861
286.23579048669643
285.94756348749416
286.11006519046066
286.35354561064247
286.1346074466024
286.01967661016215
286.01983884056324
286.1212626282158
286.0054574664377
286.04893845912216
286.22708491263865
286.000330972997
286.2217254297247
286.14154158851585
286.2362286422434
286.2085294214024
286.2405637331014
286.2418637572495
286.2306014004702
286.2394202026107
286.44837089022946
286.61504927482594
286.27505913684456
286.3778162393386
286.71277557503015
286.48857971886724
286.3587236723108
286.383733363689
286.5244572882273
286.4603511367265
286.5012886263425
286.6815967582408
286.59621916508354
286.6598712168912
286.6176133077459
286.7261851149167
286.77024556952915
286.80243344847304
286.7802810559773
286.9345316463386
286.8829119477451
286.7987428500823
286.8644239748578
286.8838446929019
286.98678848004465
286.9909088359813
287.08545473914916
287.0711837518077
287.0600494954528
