287.10236383706433
287.1824634550869
286.91023816845336
286.9680212892339
287.098727590514
287.1771765718647
287.2519232113401
287.3244311174625
287.3110652539731
287.4870286323774
287.5431995340392
287.6278822522859
287.58366777959856
287.452608134492
287.4645670580928
287.4847436971465
287.5925721852005
287.86945884576454
287.77275282450006
287.74827486553266
287.7460849507727
287.81903121382413
287.78425124288344
287.83557971576835
287.9273837888655
288.0483107578136
287.75067016633
287.9632318564457
288.17466547839507
287.9545794214607
288.12543114522305
288.2994295334772
288.3037835243316
288.45692037475555
288.50076420597867
288.47777425916223
288.4914421360243
288.81538345499473
288.5831737515248
288.7210401809119
288.97012685350126
288.796873036829
288.69552065537124
288.92037460736964
289.22859806687165
289.1696195635696
289.1696499945658
289.3497962773679
289.2004891203555
289.402127900892
289.4084670819019
289.66167303927995
289.7448583530241
289.7544034497701
289.6794843144948
289.8371258351238
289.7872585923341
290.06424621460314
290.2099573407871
290.1163971434497
290.2454194297252
290.27309885099123
290.4576086740152
290.55915942757247
290.59259095358163
290.56128064747196
290.68209064372934
290.7293444632598
290.983782458738
290.9978202739755
291.17888141636575
291.27906201182515
291.17594990216594
291.28124787951054
291.5260835474337
291.3162677064451
291.5935025296795
291.6272875369037
291.73951621676656
291.94903276793616
292.09323316239784
292.1350406055977
292.33237398945016
292.3795679266538
292.4914455108237
292.31121207242137
