285.62827877230546
285.6165361974611
285.7064802422503
285.791026312077
285.65821749456984
285.6309056109336
285.76092946220933
285.8942145533572
285.7832611873592
285.8801321195498
285.9513136073247
285.84712519055034
285.6918351646903
285.63780446006155
285.88816371228546
285.7919462710849
285.6841693122141
285.7761948178297
285.8957502722721
285.88029259019703
285.87663858186704
286.0253970460034
286.00084341496
285.93683463988583
285.96775553926796
285.8893014837534
285.87137946306507
285.85078168547886
285.83283661024376
285.94922747695426
286.0015128001713
285.91694673746406
286.04113105303657
285.90309483324137
285.79684092082005
285.93258935035874
285.99732445881153
285.9921220030275
286.0393124618789
285.7935356017953
286.0045918502374
286.10166858224613
286.09956013203583
286.19967704269465
286.20686592850404
286.01890746578914
286.05505766069115
286.1831138654973
286.0882146267585
286.0769234223948
286.0252296212642
286.16025625188075
286.22511626323774
285.91455764326196
286.1176126264483
286.1662230362143
286.2230852605024
286.19466158744217
285.9961901614407
286.17800174428055
286.19863934107116
286.3291665037046
286.21002059597816
286.2516501133995
286.11094241016616
286.1019407581494
286.12675775221345
286.0390889403436
286.02085282316676
286.1588845132427
286.1968807105753
286.13746274733114
286.1544474496146
286.2384989096915
286.1585322021115
286.29257440344554
286.19411685094707
286.2105887659334
286.2526447155256
286.2420830650818
286.1991739922009
286.26117642292525
286.0666536307408
286.0649968385123
286.24308512772075
286.21381528664733
286.06241650290514
286.1874219797501
286.20777714724176
286.3836238564056
286.30697067873615
286.1042758887229
286.25008875296425
286.3430247621281
286.1415606703436
286.0610135361223
286.10503551914337
286.19064325870335
286.1011047899112
286.1671111436673
286.19308716929027
286.22867202036207
286.15633235952595
286.288485465194
286.17331470108337
286.1772046886814
286.1322404986385
286.0367240673962
286.18409967091276
286.28511786116076
286.04943125491184
286.0386363779482
286.16300054720097
285.8592960123873
285.9272642082044
286.0099945044436
286.1696723185705
286.0936881193765
286.11221668085676
286.1170280012284
286.06984960383465
286.11824571522834
286.0751306309928
286.2085735794319
286.06292159022286
286.2129339754779
286.2782395929584
286.2408818172529
286.3381338132958
286.3989295031739
286.37144959077943
286.23975089482684
286.29264642825757
286.17865727142623
286.1576469675328
286.1589038814332
286.3320047117088
286.3211493916423
286.24459069071855
286.38445788098744
286.5731040446801
286.35296067248095
286.3433702214583
286.49235166643314
286.4660264659034
286.6251018906165
286.63217103697696
286.61727151919393
286.67925855138463
286.6061318474454
286.5679626233216
286.56966913822407
286.87778922760856
286.83672886061225
286.7988815658276
286.84422730682655
286.96316493785764
287.0803131772624
286.89797714684096
286.8689682766683
286.8122923209206
287.04370519962094
287.00241524215085
286.9694154099157
287.04007155337354
