286.20111112812106
286.06657952103456
286.069639792045
285.97785486992717
285.9901403677144
286.06845332374667
286.0300113464539
285.9062798067519
286.04513441056525
285.9920723632481
285.96757201821566
285.9427226709664
286.05357142459866
285.9481080850302
286.08031322853907
286.204957910732
286.15320030305
285.9539179589425
285.93888014704237
286.07037740172564
285.92699899562314
285.9016108326244
285.9778908372859
285.92865324403584
285.8848174250875
286.0893878408588
285.97183792480394
285.99263904891933
286.1389533507504
286.07522812732486
286.0451049989515
286.1526789550315
286.04605207608813
286.04188402187617
285.9773691792143
285.8792944209677
285.88372197907853
285.7661844169164
285.87950619345844
285.6611812698298
285.8324432548482
285.9348903972429
285.88097206137013
285.767486392532
285.8514251307413
285.79953019446106
285.79487780148656
285.7627916713846
285.75470898352205
285.7417449560413
285.8531997674712
285.7822863318106
285.87817748811267
285.8054592898007
285.805202608216
285.82205778925845
285.7663501803925
285.9756364571947
285.9819634841109
285.76301699026635
285.81786793851796
285.8587054290073
285.6728907780757
285.82486065392965
285.99235032215535
285.9280599376635
285.8549811937178
285.92483795638776
285.80432509645635
285.88526601322934
285.97459996117584
285.6677324423639
285.7055202869431
285.927737225078
285.79925027571954
285.83392446561055
285.8155333776376
285.8950432678182
285.7758938081499
285.9112019284736
285.84947141282464
285.9644667606627
285.873326656523
285.8948929383058
285.88131511852595
285.8182097787573
285.87027466564723
285.84502497225424
286.0300923403201
285.794635891789
285.7600927001848
285.9169990154815
285.7214438005632
285.8369239952748
285.9651418719844
285.973176413808
285.8672910256009
285.8545380813467
285.85087910410437
286.05872999198186
285.7872449847008
285.9797032255532
286.03276020089424
285.91943832381344
285.84819194479604
285.9542962526635
286.1044586636374
285.99099967213823
286.11598311100573
286.0773198355538
286.01867655457005
286.06796909439095
286.1494915694609
286.1586757583575
286.05517416463243
286.0618836073922
286.0784225015235
286.0398556101011
285.9443715395965
286.01667309351774
286.0545525963792
286.1542490107968
286.0426420047593
286.12129324880146
286.2064032939298
286.21191433224425
286.3375193759777
286.0436386502841
286.06154337396174
286.04556688952584
286.09608855660576
286.05098658248363
286.15950842267034
286.3461776351867
286.1098775838856
286.1840234741547
286.04641793227876
286.16449538743876
286.26254119387056
286.1874808513917
286.05212153266115
286.060589332355
286.1638964600897
286.23963749944846
286.2438558618919
286.0942155640022
286.04485720363084
286.0398234451007
286.2109412726476
286.15923016483185
286.14450729065805
285.9634061627225
286.17827343813616
285.99550955007055
285.85771293626834
286.0838674087908
286.0110864519197
286.0497550840641
286.0703202342408
286.1041563026743
285.95599254970887
286.19277590448564
286.0691588742302
286.0055290714402
286.1277785334034
286.00849089427425
286.05166562741334
285.84352285859836
286.0621792170197
285.99674239251163
285.9996610047168
286.0440628593581
285.93618171197886
285.8462491468865
285.8968824323835
285.86168878601035
285.8064919661055
285.95583670236135
286.02710414442345
285.9423873874315
285.78665498217237
285.96285057628523
285.9530680507298
285.8530420594296
285.8109149780731
285.84403979301874
285.8943936564618
285.910887274917
285.60063869056296
285.7481235114911
285.85727765208185
285.78297994113376
285.68911414113774
285.79618700773136
285.766510867665
285.6925699283305
285.7322436667578
285.8450737865754
285.79312971155105
285.86759723577563
285.73979904535634
285.69086200951875
285.7528006784129
285.84594133012985
285.82032393647376
285.63309251452785
285.7821265949912
285.74694811956584
285.608003363868
285.6984939370843
285.84207619547965
285.8489585468455
285.9309534128628
285.9024052764647
285.8606607899058
285.90574281715095
285.68346523746703
285.66956669673675
285.80839887098824
285.79472496163277
285.82819131548865
285.8344022033841
285.8854909648623
285.77757203051004
285.78268451350567
285.7014165948366
285.8160783440426
285.6788835998938
285.7584642867769
285.85960206022344
285.9295671437646
286.0197033133527
285.7955896433195
285.85299023257613
285.8945651676088
285.840088888553
285.9986711496794
285.8585269675552
285.6438735860514
285.94462436047536
285.9114389526372
285.6631794201572
285.8417492476585
285.9951615980782
285.96031743277626
285.9659652261513
285.84703808023943
285.9160053466409
285.91246935830304
285.958218479538
286.08398584104503
286.13999273037786
286.0366700893891
285.921721984199
286.066988624637
286.1109358868898
286.21673895728657
286.0219336901318
286.1420161531889
286.15920740733225
286.0164004408114
285.9593472352414
286.21116361120994
286.4319618406418
286.19664581935103
286.1691390182105
286.2921222269792
286.2638604568847
286.08780639733527
286.0888885582626
286.24348558167287
286.3426717718118
286.24898962753815
286.0978015630708
286.2010600040844
286.1642341700431
286.1673093948795
286.17694880695177
286.2291863677968
286.2162451106251
286.20958355917855
286.16947094867834
286.19378722886404
286.0498989000939
286.0302582027456
286.0951618044292
286.13537131644244
286.10822298231903
285.96631281708875
286.16157377902965
286.27777693514236
286.10879976345075
286.013038819846
286.1075940591042
286.0197250417823
286.1538080090052
286.10130007608285
285.99245428119724
286.07443564421254
286.0564287676249
285.8808588905027
286.0466748178357
286.18639000059176
285.9841564224181
286.06993466693524
286.1251212124855
286.09012825519255
285.953040365827
285.9348049267984
286.14567529900364
285.8951320221704
285.99427437085865
286.11352648758685
285.96590197901355
285.87571167408566
286.0546524422173
285.94374461536825
286.0299012438722
285.9762866352987
286.00731462489483
285.9684909690682
285.9178103140839
285.9431934629089
285.9000543328237
285.8347876104322
285.9436430212819
285.9173669255463
285.9077366152533
285.89939712820524
286.07457442596035
285.8434144622917
285.95602788217855
286.0431188248031
286.08729220812444
286.1099925249681
286.09314421249513
286.0494919149413
285.9959592897039
285.99418826807846
286.01985344355455
285.985807761409
286.0703769934626
286.06186142815767
286.0522617636279
286.24026310434635
286.0967098716547
286.06631615012986
286.0954535942335
286.17045785299365
286.0574943366972
286.0715224301677
286.0022359611589
286.003704583871
286.1096569901468
286.1221780108516
285.99738071933916
286.146962210137
285.96118839168025
286.0416574817929
285.9982020378085
286.09824915813016
285.8944199285966
286.0280739627886
286.06655280715745
286.0272386169858
285.9404522560255
286.12771536098796
286.04679173158354
286.0338889647364
286.0547080744459
286.1562841650049
286.17187275989204
286.1908011903579
286.1030407261094
285.879990409293
286.1247637821728
286.00669420558575
286.1084247149137
286.09460001450293
286.09599807430965
286.28265849935883
286.0136949964166
285.826571230335
285.99643580375704
286.07061143935596
285.90784344752865
285.9354108846324
286.09872851122776
286.10993708526723
286.0350641824565
286.06700971720784
286.0000545013782
286.0587389321709
285.97947709638424
286.09637822500787
286.2338604516177
286.0478335578107
286.09328657271305
285.9044996998102
286.1032010943274
286.1142182442675
286.1547114964414
286.2136240485632
285.9631643414173
286.1151081768534
286.04204043892116
286.11709058924316
286.1153811723818
286.12991760852884
286.25790044263033
286.04194346832867
286.0878100566467
286.25089015121955
286.18835827081784
286.02292738267073
286.12632737383217
286.02626582696905
285.9958072400732
286.07537065046705
285.9858636640098
286.0640990658238
286.05747060310046
286.18375578035347
286.10129610615417
286.17201762697516
285.96410667008246
285.9572075228078
286.0866300210735
286.096367641556
286.0982364024251
286.091822189851
286.03826700276153
285.9932961650748
285.9932516031591
285.92214812797727
286.2070838738537
285.97003100245735
285.9690682139009
285.9661422345045
285.9366965650708
286.09641277554414
286.17229645580426
285.9412538516389
286.11068435023657
286.0643134702167
286.2014353534683
286.1164900088894
286.1539135041236
286.0691406515393
286.19610207622605
286.2325331429956
286.065626225365
286.0641457717669
286.13604339170985
286.0721141085869
286.21733680093394
286.1992636106982
286.09027791583804
286.2238014459555
286.34279816675786
286.1043738001376
286.27664845570035
286.16099822031714
286.2148620460952
286.16382208370413
286.33079208160126
286.07156571211345
286.1083315017673
286.1242959363726
285.9286205700196
285.9793368588969
286.1392159230114
286.2509092621678
286.11932849578625
286.33106093146483
286.3881012186383
286.24326472190916
286.18139190326724
286.17760956004355
286.2253197315053
286.30269259442747
286.20945703732144
286.017724303929
285.9653606746513
286.0836974728524
286.2756989957619
286.0868496142425
286.13167780343804
286.2143105952154
286.20520355038195
286.1870130134274
286.16239791166703
286.2173843723658
286.20496588902796
286.04728341813995
285.89261907851176
286.0008170100051
285.92364922519687
286.01397235393614
286.04997585714784
