285.9810235629681
285.801876866995
285.7882372791516
285.93230815526977
286.1021542944499
286.0354751115503
285.8682087323932
286.0445286898825
285.97502431969247
285.94786390099455
286.01112832785213
285.9016076255493
285.83069835504097
285.82773675419486
285.88363106024184
286.05744286464915
285.97404882034783
285.9638657461859
285.7734276466514
285.745629551773
285.99070530771996
285.7716364358525
285.8560114656945
285.8716389226018
285.8013765531088
285.99354934381853
285.8966139133892
285.79885403123114
286.02594192512987
285.826946821286
285.9152886824361
285.92821397807216
285.78336316176865
285.92900643832303
285.7266508992668
285.62821666936935
285.970859267871
285.8415269510014
285.7878304736387
285.661150006183
285.84834023457756
285.86637694866175
285.57287030328104
285.8117584892933
286.00763145324413
285.83315298034347
285.75759295034027
285.9824704138066
285.87510886227517
285.93739768409904
285.9701189008662
285.7893504987955
285.8992951502992
285.9085551311822
285.6888895518882
285.85780561796474
285.9634788470775
285.957379420588
285.7464030176868
285.7986730175406
285.95346876220407
286.0231859045991
286.0212012101713
285.73509196912414
285.96467190445605
285.96349001332766
285.8767192800213
286.07953219743075
286.0937160865655
286.03479356782304
285.98085512339736
285.9619753004122
286.12521093446037
286.1153444632951
286.0336156715112
286.0145638845556
286.00049885651794
286.2014267625307
286.1721641026241
286.2012176338619
286.2142342298486
286.2693028677229
286.2645058613364
286.2003550025122
286.30466409745986
286.302039096061
286.1229149986034
286.11413353463234
286.30385287864846
286.17423932670795
286.2926589299996
286.3025423508375
286.2800051427242
286.3621546882767
286.4375311783733
286.206794623976
286.27444877829254
286.3156417286263
286.10017147978505
286.22458599992007
286.36721739992515
286.2663824412165
286.4895924902039
286.33727173512744
286.278871163769
286.3420695449716
286.283604160835
286.37635145143776
286.3004103375813
286.33430342219935
286.4285634730799
286.18174203644395
286.21172728600004
286.3023744291536
286.0858544434836
286.00625902148516
286.1903153067635
286.1688285672416
286.05636846002693
286.1876110217535
286.1428680112666
286.2172359009823
286.31223971599246
286.01593066018967
286.028599196428
286.09820418883487
286.1168575595168
286.1926759613517
286.28746868227796
286.16144508943194
286.1356684731981
286.1880374762053
286.23324181483844
286.0648997164943
286.17441058847044
286.2506316126618
286.0216739992361
286.27679013818175
286.4918635707417
286.3324993245326
286.37591590797626
286.3612310460956
286.35680814424353
286.4809830364907
286.42953188043094
286.4290020209958
286.52265514939563
286.56972804080385
286.39876481162156
286.50215132660173
286.52160428694214
286.61000174396963
286.56664366163767
286.6456214385465
286.7113012319173
286.6218959184091
286.57062602670123
286.8822234852224
286.7799862308369
286.84244532955836
286.70696521770725
286.86053534638853
286.8904732947771
286.8215212423344
286.7056357799528
