286.13562622502485
286.15710728584617
286.0664103113526
286.0492149192179
286.2286214319755
286.1275006031645
286.1080799568285
286.2288940421043
286.20175982900184
286.2278409779854
285.9269249106833
286.06094229962326
286.1886226707222
285.96293510778776
286.1509413142796
286.14543679708476
286.1525820414425
286.1725145201669
286.1777951571673
286.2038422409967
286.1077729219293
286.14190411208943
286.23016269928183
286.2647026552693
286.0547019113545
286.1289788574701
286.12432164678876
286.1570119616403
286.14785006415775
286.1180358740352
286.04340764518435
286.1200246624652
286.08978010220073
286.09586577855794
285.967583193076
285.88325448339356
285.99062415934065
285.93195987716103
286.0166852102524
286.13545420850454
286.13669323348785
286.06190016961955
285.9956763296146
285.9549999292322
286.1459682982175
286.1318467295889
285.99473840939686
286.1986227609353
286.18098143600366
286.0895542408694
286.0544190044991
286.1472905108512
286.1703954816398
285.98995737830546
285.9621989677829
286.1169274350703
286.0325919725169
285.91596282958415
285.98388707258107
285.9388030359852
285.8944100020135
286.13003527596186
285.98117671128006
286.1371047193089
286.11078700346974
286.1237816242852
286.167991662435
286.23171826475937
286.2155939262943
286.3499705370926
286.30022555552773
286.1138069791107
286.30949153788924
286.20985893831113
286.00251937729655
286.1559975397027
286.1948666500985
286.07468346095067
286.1018930353061
286.1508754309696
286.12393996124524
286.2120514856927
286.00505471092845
286.1328861171381
286.25765681175847
286.1127759073701
286.0237675102308
286.0362936673427
286.0386914579809
286.05726583455896
286.13519792165414
286.2164136890933
286.200834587059
286.07329085542045
286.09233625645743
286.2177862306583
286.2572926838273
286.30827059145537
286.29990273409237
286.20405203699113
286.2562961702027
286.1870443174813
286.2700210631095
286.2642483305326
286.1021653920117
286.1827482043087
286.17228689075995
286.1764588641957
286.3412301531282
286.23605698966213
286.27628829652156
286.3112534267789
286.2308948446208
286.0998863631077
285.914720061527
286.13451190044515
286.1236078320841
286.1642320442105
286.140898040411
286.1576281539342
286.13623524494784
286.2241377569411
286.0861016582072
286.0569635008285
285.93647518744126
286.107035049286
286.2175913409236
286.065060852463
286.0542623472576
286.14847100177445
286.1858558398065
286.37187511184237
286.26987734425944
286.181631571422
286.2179013241591
286.13885742759027
286.1470300483804
286.3076350787008
286.2324336401562
286.26984123785144
286.33592240903226
286.332318545194
286.13747827965653
286.22046845018724
286.5446968396585
286.2819199097415
286.30697718318623
286.49047704329655
286.5462660706128
286.305380775738
286.5478046541354
286.4580307109734
286.57616506851053
286.5073099476271
286.5508738616114
286.48023896139705
286.7263208874181
286.49461841370334
286.6703241718176
286.441968054787
286.6405980728427
286.76267586052074
286.68911530500355
286.7860877362417
286.9203911929066
