287.0975172544478
287.05511244213267
286.97916119476344
287.1897275422992
287.16738248793814
287.31603270208586
287.28609979122774
287.16561045808425
287.29727294427363
287.5190853877402
287.5444105258239
287.3411782237227
287.35099532113264
287.4383065814199
287.51221788493643
287.35446678049334
287.6082044291814
287.7019893255138
287.6595679260581
287.5172008857244
287.5072238363621
287.65419517670955
287.70775328442477
287.6310339382424
287.71618901234757
287.7197429963569
287.62438211136714
287.8982194474141
287.87412077311984
288.0684852910362
287.9787045816969
287.953941793073
287.9801739205379
287.9534486299407
288.08125675007096
288.2154647641374
288.0022203328487
288.1581778474747
288.28558414370616
288.21091569906713
288.16539306824484
288.2373642579433
288.35379194168826
288.1730900913945
288.33170103661104
288.36394384315486
288.3391460730548
288.33550250861595
288.5948059418648
288.4630072026234
288.7317063447782
288.6346295638987
288.56099480778755
288.57607092097294
288.7907533946839
288.6120769131639
288.77038622645665
288.67115559719394
288.5884300917224
288.73048090498855
288.7789381735888
288.8006132736158
288.79292100168635
289.02000494503426
288.88537565729996
288.951672840006
288.7656869144087
288.89049776227677
288.84167150664956
289.0700710059094
289.1202482007672
289.07776552972064
288.9470388592498
289.0399603317866
289.1936023837117
289.3300251288722
289.25017676911136
289.31063851881487
289.2135006299385
289.2321949509545
289.35005013736003
289.3259745856467
289.1907198655107
289.533089051938
289.4621375770698
289.26046543889925
