287.4197847732405
288.1029448902315
288.7024016961364
289.14402280653155
289.4746374097491
289.68291988838496
289.70905463909816
289.9402653594541
290.113814633856
290.07648856188257
290.27822911133813
290.4320561819615
290.52587846842243
290.60928257529235
290.34241821044
290.5709571133092
291.00232994921964
290.7416463212234
290.8250571812013
291.0434602064255
291.11872618440475
291.12948318819247
291.15994725341415
291.36227922708446
291.42669489024036
291.3168738801611
291.20460951601353
291.3344795681242
291.48752382519564
291.4652104979712
291.48758649975804
291.28596107369106
291.51962068913383
291.60550667095765
291.45171800428426
291.7996176836371
291.57835612172215
291.75871456413324
291.8073494014193
291.7066166649824
291.8224236738322
291.7746092048848
291.8635328048635
291.80618336764877
291.7444383809099
291.83138885742954
291.80657764676965
291.90186477822016
291.9574841626215
291.86021836638747
292.02165416687865
292.0432762436219
292.17331332927307
292.1340997357581
291.8281229669131
292.14898355740996
291.98214722239993
292.0819163266359
291.96100447392564
292.12406598134675
292.17270267734744
291.9956793401442
292.13561498530225
292.0889844506995
292.2703432304559
292.2320683993209
292.2399587242912
292.23321177480466
292.21616767466287
292.26051199839253
292.32634376737326
292.2256213503194
292.3266080610832
292.4185262288549
292.3125885097886
292.3480977234817
292.2738832121014
292.33490161725183
292.24045229783445
292.43416124604994
292.42443186721374
292.33717951098913
292.3915265084756
292.47216233375457
292.2325345114296
292.473364177626
292.47147005608923
292.6019179796904
292.44287334127165
292.5232993638581
292.44796700907335
292.4913935356851
292.40528415644184
292.50067403140633
292.4128410655262
292.1869401165041
292.5424406016014
292.4386934262254
292.39518746827673
292.33874028406905
292.50537204545304
292.39963698968023
292.41857934652484
292.47278636728197
292.57824710699504
292.53964154783296
292.657605463095
292.63441387277885
292.7252752028341
292.4570709227276
292.6398625560224
292.5967090500341
292.6279971655128
292.6166045222269
292.50163881092743
292.6878305747906
292.6740009403136
292.76060206290623
292.69057623321174
292.68654933564477
292.5769165526227
292.6591583480472
292.6693910383552
292.7444982100448
292.6848080134559
292.7877112223494
292.72060050172644
292.4971344396948
292.7383835875723
292.85282400432476
292.7234257828699
292.75075413632123
292.91464848639316
292.89735973969107
292.8145512333076
292.9194228681491
292.86011071207713
292.8418502190807
292.6653973872969
292.7657898407211
292.62869088147517
292.6227186409579
292.79205736424666
292.63544716088666
292.66057788103626
292.75025964097864
292.7136304638766
292.7207978074203
292.9059310801324
292.8878834268893
