286.8784994257905
286.9157758878647
287.08195049700583
287.0762256604504
286.7296880364795
286.83936340152167
287.0763522575337
287.1762149505568
287.09556667436357
286.8460578085493
286.66530518377795
286.8708323271061
287.11484784253923
287.03966270579826
286.6940720446853
286.76014907814545
286.9997548688369
287.0994522318666
287.11916224399516
286.82889949113417
286.80650855457935
287.01581999774265
287.1230292019208
286.8727940441273
286.6121524424967
286.9020917432865
287.0621409064376
286.72208961495494
286.57755039072975
286.79898343741525
287.1918973769687
287.1876655400696
286.9528698393412
286.80723524845774
286.6316273073933
286.8973512190954
287.0576739410587
286.8589357590845
286.7154039353061
286.88537906720416
287.17586682549523
287.1168224117448
287.11766368873754
286.89941559757386
287.046736352064
287.21748627964257
286.98177051115096
286.8594948375507
286.89720294295483
287.10400913892744
287.03901845629525
287.10481959293946
287.14885228132175
286.6894758842716
286.690602314239
286.851592677794
286.9692709253751
286.9196976277826
287.00939823430525
287.15123748632936
286.9629488713469
286.9716850426362
286.9108574763394
286.94101030482386
286.9954565909291
286.82771654180516
286.86673361373363
287.0226619709772
287.1582568039766
287.24974555654154
287.05946217597136
286.9571688017144
286.94326750576334
287.221237005274
286.97843216856165
286.84399655659047
286.96798919981427
287.2663850958839
286.93967383012756
286.90741385785185
287.05244674973545
287.33372795675086
287.2877200603652
286.9445742289301
287.03731104668697
287.29523127173485
287.15718627200187
287.01215159094164
287.42663105845736
287.4861595077625
287.1109816827529
286.94856582505145
286.9526158799424
287.0412778595894
287.2385847265811
287.03647866999063
287.30049338032336
287.4011620359986
287.0432978168375
286.87290041225145
287.03274003861304
287.2440880775906
287.241650574835
286.9331721890463
287.0051499296189
287.2579487747738
287.153893637159
287.2431535079513
287.1071086182129
287.0597740406107
287.2561766853386
287.2202864116831
286.81056946218223
286.6984305887278
286.8577746276402
287.02825794158053
286.74837740609587
286.81074295203285
287.1492881190229
287.1970028553399
286.974429948842
286.8294534298175
286.91669326393014
287.20253009713207
287.00831328530506
286.9804138070497
287.0731377803987
287.25712121978495
287.16988023474954
287.09278399549777
287.3199080736989
287.33390552214877
287.0265211983647
286.8871600808904
287.10555118657174
287.21275852920905
286.99998606315074
287.1007502179026
287.3358322546348
287.2811531003026
287.20676023415666
287.1760936760474
287.1229193370229
287.4036969661589
287.4442134267682
287.1540676336683
287.35879649465124
287.78958293428815
287.6092545398225
287.39422717125666
287.4797597299632
287.7383109397537
287.7485157451937
287.4547623884076
287.40860227379284
287.5009459473209
287.82595326530253
287.68301571723504
287.720836898723
287.7038530858342
287.79431491109636
287.7102493125914
287.47733370925835
287.74833439469444
287.9464435162216
