286.7037927053496
286.79297600674846
286.97187482248364
286.79222714963464
286.8301377633748
287.1429810803425
287.1371257796956
286.6864109418115
286.808000139483
287.01203525953395
287.07810799594864
286.95096462762984
286.7014195156433
286.8499972753936
287.1455324288467
287.1363788777389
286.8086638433882
286.80684001602987
286.8790026698319
286.9452141659377
286.976572131762
286.9442342391494
286.77124383200595
286.7447666856885
286.8846342707187
287.04354891736233
286.8749170716511
286.7849467183785
286.8132745740321
287.0461751704267
287.0167088679427
286.66754041250823
286.79891600454715
286.95433258397276
286.7756792916807
286.90841765153965
286.5213263840541
286.6734889864492
286.86427682182284
287.12986582956034
287.1112696183704
286.8942945152418
286.7419116701442
286.8922780928037
287.0862186480425
286.92242805550086
287.00815948674455
287.1463060000485
287.17087852285835
286.7074232607671
286.7519328260793
287.10041212798455
287.0846416717272
286.6665388292286
286.6571137197069
286.90123789937854
287.1139395861326
286.8331593387126
286.8113219227669
286.9264106204765
287.1211158491673
287.02814079664245
286.6948619614668
286.639873360129
286.90190339364415
287.0761824708312
286.8668031691662
286.7759364855943
286.9608764089288
287.25021577885065
287.18519111764755
286.85184742286856
286.8068283071105
286.99928385228577
287.2214788571531
286.9344142237543
287.0177185986245
287.1595527037785
287.18204259400034
286.9162804548875
286.9284815984654
286.8321822742937
287.1257628205199
287.1229487557084
287.1570421275689
287.0553298644589
287.00936647132903
287.0815289076367
287.21244549076556
286.9404695126624
286.86076684753834
287.02999253228916
286.99121953020057
287.2021449074496
287.11912572456833
286.8349031427195
286.81929208834424
287.099981708675
287.3015784320167
286.97005938196077
286.9785119827784
287.28054804154993
286.9855788250206
287.05665026009905
287.117631219025
287.2117561511935
287.0228610435193
286.9678560083758
287.0961152806933
287.0951693078519
286.9407848417479
287.09651449228625
287.18151142823484
286.96817659138367
286.9719357447052
287.0776424824443
286.7935747558424
286.9095540372574
287.20908688300955
287.12923986330185
286.8482993093115
286.83999099743505
287.18279743947954
287.28565895503294
287.10122858027177
286.9941423002255
287.2373015557679
287.1723387839473
286.94641314790545
287.0354156037078
287.2696300576282
287.166540722584
287.08761588262547
287.1640221332495
287.24473745837673
287.00526321785014
286.9086306170605
287.262322493776
287.44077902707744
287.2989451477673
287.29740581557803
287.4299518027276
287.2900522778185
287.0517246123657
287.1305525509732
287.4217413777963
287.5081964792263
287.23339617383823
287.30473217000156
287.7129364478062
287.72376556041274
287.4799157830243
287.5788210006461
287.7928261655702
287.6592616607863
287.47566244749686
287.74211548892947
287.8719845718569
287.53167155187725
287.5083519289769
287.817263686085
288.0773727983652
288.0183058196303
287.77975118072044
287.8813070889507
