287.0862124897517
287.0205590981852
286.7190826154143
286.6864031216759
287.0106366454457
287.04948894064563
286.8955332727047
286.9777055984793
287.0743854630904
286.8999060199008
286.7544800923404
286.8485536489366
286.84752205343045
286.8354150839106
286.9756586930705
286.8520238378673
286.89377864001517
286.8121730596437
286.907815242746
287.0417483062528
286.59716972540053
286.7671038016434
286.94321071687006
286.8533102837803
286.89962453565016
287.09201958413854
287.0904551218308
286.66055937614783
286.62756769992916
286.92767487925
287.05117986355725
286.82116494623955
286.81286145246963
287.0214612074765
286.82780163553036
286.72846999144423
286.7321588960755
286.8892664571992
287.1489853693355
286.9338684715735
286.7797069814593
286.9175363124922
287.0869422714997
287.2838560284346
287.12699079875387
286.94850691625015
286.92440607184136
287.0327215853825
287.19656725083837
286.8660347505012
286.81149944713945
286.9492519861607
287.0818083938985
287.08940007022665
286.78759875351324
286.70508667713506
287.01448049152384
287.0772368318655
286.7576687310069
286.7984676645416
286.96974657387375
286.89963180179825
286.67492901905143
286.5972942142774
286.9570026533323
287.13794129560597
286.9198468213383
286.91791760163517
287.11287768820523
287.16636464743715
287.2305329608371
287.2469098961387
287.24505231402054
286.88688603543227
286.95235279799556
287.25519755961915
287.2366441987941
287.2220512689328
286.9752056240525
286.9272088057118
287.0981043268297
287.01635052671145
287.0815198403864
287.24759395183304
287.27229925368476
287.2177546575567
286.8689817154041
286.62668921973363
287.0827131593641
287.3597931506208
287.0869526563452
286.8507742462127
286.95990338659556
287.23154174293677
287.1938152301334
287.0762044203125
287.23879115763054
287.3543347375162
287.0419717870193
287.0508634960391
287.1466496824661
287.11805209387467
287.35403165234237
287.4612371384983
287.13737607634897
286.92851578116944
287.0015103298655
287.23863451941173
287.0804120235977
286.83088769612255
286.9642813213637
287.19259038957307
286.88947262146553
286.73186360401155
286.83830365721167
286.97154355622445
286.84641651801843
286.7141448367508
286.8881020552447
287.27660592985825
287.2687657728568
286.8990736913434
286.8851766412278
287.130234052116
287.3051223972283
286.97420056773296
287.018055837121
287.08307582556523
287.3261147583788
286.99638401958845
286.9150148922708
287.1566720440828
287.32825266345844
286.8432859505594
287.0733289207343
287.3151006939082
287.04996002166723
287.00636590008327
287.399380917672
287.5223356750133
287.4878189980006
287.2374188111291
287.1128123864257
287.2593497182258
287.0906461185577
287.1419129010605
287.4272010069725
287.5699435795122
287.5090768791932
287.52627503997843
287.68819520595474
287.5207544851453
287.5057713975741
287.8790722543057
287.84051346458835
287.5507973253315
287.47613191282915
287.67107529581983
287.89437616421895
287.6973484394333
287.7444383947502
287.9961596598795
288.01879136611797
287.6527403084912
287.584106059666
