286.57632406402
286.7918307510555
286.95645165025616
286.97461952678555
286.9025396303989
287.0240401157955
286.82645069805096
286.6939134718743
286.6742012763924
287.05939160924544
287.1609206559881
286.921515077753
286.82780769921004
286.88909378699196
287.0407381811419
286.7601981037509
286.75160460283047
287.16308089420374
286.88588066972704
286.84851418557406
287.1068324942944
287.1612011876138
286.7768030406141
286.8400426093868
286.99996927771406
286.88177163301367
286.8187407568613
287.1328312099268
287.244941158659
286.8686115109023
286.76271731110995
286.96298592878037
287.09649775650774
287.1569572288928
286.5361165258874
286.47796274318557
286.9022315229517
286.846539193747
286.75837314153597
286.90093988908035
287.0804758250856
286.7409861029702
286.67226312233765
286.72844430940467
287.00116773937486
287.13692067905544
286.7753005946815
286.7535452046399
287.0498208151771
287.2372890401451
286.9520691287132
287.00659114003616
287.1072110586344
286.7816502474903
286.66002030787035
286.90214370709725
287.0900707947257
286.8559975412409
286.735206157383
286.7980623540487
286.86500484619387
287.1402430040852
287.08982359854093
286.790662075369
286.7322580169469
286.85348152295296
287.1191029741337
287.1721366261822
286.8575197143823
286.774986038962
286.8997016816788
287.2894314544661
287.27843903519664
287.0228671938895
287.10459409511043
287.3031722210966
287.08408279499946
286.97798592000026
287.013316049235
287.1907696769946
287.10738514433507
287.07233006882984
287.0457819679539
286.9051838953084
286.98555601152697
287.19547750455285
287.44293317215096
287.09346034552016
286.88138060689164
287.0327252725408
287.3247200827055
287.20260505350547
286.980935329637
286.94860955401083
287.1674602408005
287.2128215539334
287.22382289595635
287.0892161646079
287.0028600935191
287.0642415945031
287.3570311750987
287.2962588759091
287.161406529627
286.94308340284823
286.9387391132749
287.07314129487395
287.05238633268056
287.2312542391498
287.14863079291183
286.97250359404757
287.12337475387636
287.39239526354095
286.94149644687724
286.6899843293715
286.81294394703446
287.04380640867834
286.99492738989454
286.8285478717994
287.1624226879025
287.2409892431121
287.27575695658896
286.84684175464866
286.8121870478087
287.1870901134852
287.0954285010278
286.928238104717
286.95448262002475
287.17758162735623
287.1372391475293
287.1700264071689
287.3721745250423
287.27254346756735
287.001151967908
286.85805899706014
287.1015068110935
287.2582202701434
287.05095777946786
286.92860386111147
287.11684027459694
287.4245758228442
287.2158469109478
287.1714657946828
286.91845199792874
287.181765770003
287.3573887999233
287.1221504888323
287.1030470485959
287.3819220898795
287.36474716592505
287.0770928101046
287.2248010113648
287.6038308913748
287.71721109248745
287.5875143961162
287.5833234847065
287.79380636476077
287.9364145096058
287.8424330001912
287.5002726924528
287.6421792579644
287.89945009810975
287.9698128350872
287.7874719041535
287.7421706218896
288.13201217048646
