286.8286746846468
286.9274950673519
287.0014053950321
286.9278874882154
286.92507403156304
287.01227713161273
287.21612934642985
287.0293768476095
286.90677610542383
286.98152720865
287.0773558564349
287.05618259285245
287.00515963224063
286.978364968668
286.8481133038124
286.97042767239753
287.1255711128415
286.8903800847003
286.73258869036914
286.79046840132344
287.0573088660898
287.1881965866692
286.8699038574113
286.675330987035
286.8150690553687
287.2278159804629
287.1221148605975
287.06347057573856
287.04738208179606
286.9378429425806
286.8944423668468
286.6712098598849
286.72723621377895
286.9960048642871
286.72892031272744
286.85611955027804
286.8155317190985
286.6265342824228
286.88837382862863
287.0831154300675
286.859271692834
286.7005958135282
286.6990327615033
287.1028137285529
287.1462436095369
286.9196767631689
286.88935198891215
287.1762900599848
287.05564207564896
286.76793543584745
286.83101071052954
286.90343280882564
287.1129977627565
287.01744689721824
286.80122689920546
286.8271816598853
287.0167967166962
287.16646344118556
287.0866964259384
286.87084292707414
287.00873114926617
287.0080647157759
286.7522109841525
286.9407779157717
286.8618010392574
286.83495990874565
286.8829853684768
286.87979755834357
287.14787920908714
287.1564554551117
286.8152681738044
286.8230094362307
286.8793973458298
287.11571149341995
287.1993259259056
286.961342850233
287.0783018214571
287.10007292594236
287.28034355697923
287.3639830585339
287.3178700776564
287.0664813062909
287.05651494793426
287.3425901875235
287.0598631897083
287.0567338549461
287.10667516277715
287.3458960707403
287.0381886770946
286.88216429100765
287.21107051010245
287.3219082998515
287.08119164645535
287.0153753799557
287.02162902205805
287.27851522100383
287.25228185782555
287.04945264727456
287.0509072439234
287.30752670541034
287.31844243771
287.0245927810272
286.8416243887364
287.03268169579655
287.32891953071004
287.1010965699526
286.94637728380746
287.09880397022823
287.3831934439747
287.2159057974662
287.23504494089684
287.14299172654916
287.0836860187879
286.9434083290952
286.900216478052
287.0694859259471
287.26038979487896
286.978899140388
286.9463467597693
287.0006574706492
287.0743341381765
287.00918599354185
287.1817357550174
287.1646672009603
287.146985413635
287.00013802229034
287.09967134346834
287.2921332501603
286.9978251373383
286.9571448599907
287.26393471063744
287.3008877850858
287.0766402168146
286.98447943360327
287.24245504221557
287.3396617601245
287.1511792333904
287.3651432549952
287.43890617783603
287.1674239648281
287.1574751838615
287.50929877432776
287.19188868643164
286.8698096858494
287.1040949605773
287.6350811190563
287.5534822028706
287.5416351069397
287.59095671216704
287.480149974883
287.44319478813327
287.7113778672303
287.8540604392897
287.58623176622956
287.53410562943213
287.8087762021089
287.72927607396537
287.6577448395963
287.6057543836292
287.708046935443
287.77381885052813
287.53702538544877
287.48514244607367
287.69622099834766
287.97452382460267
