287.1812577670783
287.0039860978191
286.6955010830319
286.7951840000325
287.0779876400299
287.06327486258937
286.80308343084863
286.81415997687964
287.12894839908
286.9201113211888
286.6115103360614
286.8556711623303
286.9547445160766
286.9417198942201
286.6482218722341
286.67510436058217
287.07234484606977
287.0868955829604
286.7772303255564
286.6377611052231
287.0103875566188
287.1711590298181
286.86842537326737
286.7639236754697
286.9726953647177
287.25374457365876
287.1422011591301
286.9686140970791
286.87686260851973
286.93754932313203
287.15836357849355
286.7988554648312
286.75496118371706
286.82412111334344
286.7509259297621
286.565976602619
286.6396714566448
286.84108328888027
287.02003286595954
286.8950271989893
286.68344318332333
286.69544488453863
286.93160439462247
287.1981358110969
286.9711775879812
286.96256415885614
287.2133701675923
287.1609120397197
286.90440820689275
286.81535127464207
286.98333622607123
287.2236871284641
287.18650101925687
286.6963157930201
286.7152442570959
286.9515901950905
287.1607119407235
286.9229437675674
286.8353092642841
287.05190890654495
287.2115843130901
287.0412664737887
286.6336781162938
286.74758941278674
287.0147633564128
287.015035052619
286.85345823076295
286.83354553536054
287.17699158907476
287.3707163237379
286.9861628431117
286.8157613161299
287.0328823387304
287.1709654579377
286.9512490825982
286.92042730982524
287.10665369876136
287.20903219106884
286.8319778115732
286.902739790735
287.0812852445411
287.15798918250425
287.15317142500294
287.17694550749763
287.0267283483543
287.00098555353424
287.11187414539836
287.2656556012262
287.11346658330666
287.0113578809896
287.22328151639863
287.233696917109
286.74566379052084
286.7105489323835
286.9364488965101
287.04035312276363
286.861453802262
286.9310083909206
287.1311417940742
287.2301109450185
287.3234503601292
286.9756651030796
286.9932699363032
287.3118541030254
287.23313356487853
287.0159186300943
287.02550002153396
287.37324401724504
287.3111710640142
286.85906298401096
286.8355413861704
287.18804105441586
287.2887011598765
286.93432434602164
286.88641597237165
287.1747184865574
287.2222080542086
286.79180279906126
286.92134198946286
287.2791900245553
287.00972687059647
286.8442058682188
287.08391391000833
286.96455228404886
286.9357027949327
286.97744200203994
287.12273041505034
287.0672622404235
287.05920489161326
287.36629979540606
287.3613397340957
287.0574012775056
287.00573091440975
287.0619190717795
287.3504747998766
287.33720135678686
287.1607608071458
287.1809999438008
287.3676989612593
287.5334240445899
287.27929514682955
287.12754271148987
287.08961883209366
287.44732841914663
287.4961620905004
287.38750981183136
287.41509341298826
287.47381150391567
287.57244314529316
287.7678243703088
287.680466696216
287.6191302672087
287.70342591872
287.61025430512603
287.59003734201525
287.7850656312888
287.78648232211737
287.596981417802
287.572557830726
287.9337391868978
288.03774070720726
287.89058465468435
287.78757867327636
287.68155464604877
287.88053249812094
