286.79187460717696
286.7950027845015
286.99645081291214
287.1447236406259
287.16105171768777
286.8501239953154
286.7409482913647
286.91920129539056
287.0054171539322
286.84169670050676
286.7355544693496
286.9434363544828
287.1067755511051
286.90567634712426
286.87836893216064
286.78923034135374
286.9399761514451
287.12540442611174
286.6909831235634
286.8305898422337
287.0031164162827
286.8499584555685
286.9289214698498
287.0827181860712
287.0066599359368
286.806279714447
286.6527535479067
286.91336683778434
287.13985326344766
286.92267476365
286.8145538408768
286.96159472808233
287.1330970703967
287.1358184436097
286.57362307603404
286.56116482957896
286.8796947806541
287.1519421566299
287.0079987163945
286.72982631010115
286.83286829024837
286.88871311179156
286.9113401751253
286.89201815007647
286.83718752106114
287.0475059685313
286.98159486221147
286.9691040457029
287.0747944472548
287.17455815107684
286.94766934433153
286.806005651271
286.9166667960463
286.9615438745885
286.91091270484816
286.693417715641
286.9671710709921
287.097206867817
286.88306578333606
286.88440016842327
286.9955286585651
286.7974152185743
286.6522218672853
286.9088849802473
286.942378773165
286.75688500365135
286.6702901627704
286.89876758161074
287.2535200068578
287.34663487487165
287.2301866517485
286.90952466612896
286.8260972160014
286.969642853047
287.25691854360815
286.9230276811303
286.8352780830462
287.00653655024615
287.23404248594994
287.0829205668543
287.1032750619409
287.2007322242371
287.1540140308914
286.90772677741563
286.9659635310886
287.0110603072343
287.31718660693065
287.3085344162622
287.2667560603683
287.08281328755294
287.1401938725578
287.32433589590636
287.2716664827523
287.01255668049754
286.93812365770134
287.1865941372158
287.21231832195747
286.8739282880295
287.0206517434965
287.1596415732078
287.1632691304558
287.0809774912373
287.0590689486517
287.25725103060483
287.2186873688167
286.9953009463129
287.0202797398735
287.20327595765286
287.15161946913946
287.0680848129579
287.3351499849567
287.2923124617305
286.9296305464722
286.87458036818083
287.00486287465026
287.0233405756961
286.82989636420456
286.9188428260046
287.11338545558937
287.2498300546563
287.06196928876494
286.71795067585674
286.942615991372
287.1462310755531
287.189677925533
287.25231102424755
286.999172800514
286.9485330220995
287.1919340883998
287.14495139632487
287.1883265461162
287.03936852744584
287.2857191731618
287.3548416750731
287.1861261416368
287.15653633216147
287.2045233262443
287.3969310469869
287.2077327380179
287.1659867320004
287.41129151468897
287.55037362422723
287.34294570618954
287.1646660103122
287.20495646803937
287.4394709360535
287.5630624033642
287.6985083288344
287.6354148173687
287.490851256487
287.15187052355844
287.3186757960262
287.5936388266625
287.64479384498935
287.6894111032897
287.7259349534623
287.418523013566
287.5469610151239
287.8362547998018
287.8575660889529
287.45252505496285
287.493603327858
287.9109895194676
287.89432321585286
287.76920319747035
