286.9343543641126
286.9199380404812
286.9280085998724
286.8238101961645
286.90390018620184
287.0251985077385
287.05431935470205
286.7301146501754
286.9375433729179
287.1724422591456
287.07902581254444
286.806475807202
286.8176856588441
286.87200420038596
286.9955877388526
286.9586271781692
286.6551771455624
286.73427875981895
286.88328570846926
287.17380263714506
287.2175423600994
286.94760098063307
286.84946977856794
287.09021424311703
287.0776551870051
286.7523030645886
286.7570565605207
287.026004396638
286.9164784137754
286.73351110746444
286.8956791876487
287.05135686513836
286.71945949859355
286.72287378189714
287.0161640212539
287.19259629652225
286.88639719703474
286.6673758568492
286.8312742933132
287.0689047551018
287.19023820103547
286.87835347605284
286.6888115270048
286.93253262925384
287.0507299317036
287.0080389914967
286.87323225057423
286.87265125884807
286.84262003630636
286.84725489104204
286.89686810325475
286.98552360569744
286.9198129056238
286.9492218194788
287.0314004231201
286.6547403663229
286.66875236587487
286.8990940592681
286.95009567734417
286.7257625902772
286.6298565841424
286.6965547584256
286.95360946870267
287.11858166309025
286.83512184696167
286.8000001682067
286.99266209786396
287.08720158899695
287.03815752085256
287.08274573910614
287.3364862325203
286.9056410317904
286.5434200488782
286.7901259154095
287.0685491339005
287.0439887634289
286.7404727516102
286.8325726694668
286.97070053072383
286.83005345259176
286.7377474642921
286.88014446022373
286.916670505476
286.9761604575092
286.87782573407173
286.9717696883774
287.10298062447
287.08886369733966
286.7628227782065
286.6254355978526
286.86425943455527
287.1546784919339
286.8209096328007
286.71577401548547
286.887878353085
287.13629260465876
286.94738979077187
286.93645039282137
287.03167731393245
286.88349829126736
286.9765910739208
286.95184410983086
286.87836547448916
287.0390701423954
287.1389286424901
286.9232011941442
286.7810247700489
286.82876050061355
287.0753887662019
287.1399950342936
286.8887412491543
286.7876040687454
286.88963707024993
287.16482714817425
287.093234509322
286.8326118522492
286.8420498953607
286.99574207054286
287.08191667585174
286.82185947827253
286.762824620143
286.88254665503916
287.1508434329068
286.9389762267125
286.7060063881579
287.0198316130499
287.03836450771337
286.85127816592865
286.7510131874088
286.8678668290258
286.97970311033555
286.8192476909182
286.77240828773273
286.91220844437953
287.1225815314
286.7871475469985
286.7841752047802
286.99120857080817
287.04780521220937
286.9982981981722
286.6883612118256
286.7669137965848
286.9685154771865
287.0487130031876
287.1095958899488
286.9941361454497
286.69290877769123
286.757002098273
287.00971876209013
286.805284178419
286.60162104171684
286.69320186511
287.086304138183
287.13292704280536
286.66410794944636
286.5926901076334
286.89717607573
287.130439061171
287.04257558251163
286.8878929746354
286.8006878292935
287.00520897659555
286.76712217074856
286.7732068185028
286.9730575094853
286.9968791196943
286.97779179412987
287.06347962898053
287.1180720616512
287.0589511986
286.9440600386887
286.7605503482644
286.8353071298205
287.0551682491899
287.1914803521868
286.75997607746797
286.8030698787912
286.8006196067
286.99855450796974
287.0208723519561
286.86846167514085
286.8090544897914
286.8012251999421
286.88742371619134
287.0875851616633
287.02843747218753
286.7932665229165
286.7659203121937
286.86362514719434
287.12837703674285
286.92904195226527
286.7757407222077
286.8683906197394
287.0707329424454
287.0114546207074
286.888116005226
286.91659317794137
286.9139322426876
286.8123851172334
286.8841161282109
286.8017243560458
287.1219538419439
286.8607108521444
286.7386942865366
286.97517780786484
286.99897113536866
286.7838498359883
286.7944081990878
286.9112135323825
287.09356590467235
286.79937649193397
286.6376053296079
286.864248534259
287.2044709495555
287.0123329901285
286.7677820414159
286.99997773236413
287.1352137886543
286.9010389016821
286.6470488521476
286.78554246239344
286.9643590144447
287.00452927595535
286.7745852688453
286.74731447922517
287.0667417647231
287.09030971649105
286.8405786539953
286.7574737897657
286.9906746023922
287.129100717917
286.9153193202633
286.77464238933106
286.8209255967444
286.8550226595542
287.1181573821302
287.02729302771115
286.95276592192954
287.17262520226075
286.9461235073377
286.8943797543563
286.9710291862493
287.0330747152998
287.10599289033627
286.9230734681133
286.9202869794067
286.75520728027453
286.62421161488936
286.8447598466482
286.9814892326743
286.6558133596907
286.5545528359537
286.8026875990686
287.0836888693286
287.0867266873426
286.77171682172633
286.9680267288742
287.2714370620493
287.13213757756125
286.83773881620635
286.828673271707
287.14338195163447
287.05407519895067
286.78769077669017
286.8288040920633
286.8826654829259
286.85506779165036
287.0570903279935
286.9016823896565
286.80232314416145
286.79005187092196
286.9837075478428
287.03034414130354
286.8412853638615
286.7969735268614
286.89064665316386
287.1013259330441
287.0850162813333
286.9283209639315
287.02508505090674
287.10081501494363
287.1850591989524
286.98546260211856
286.9365169604868
287.00446437354384
287.0525025484337
286.9278299381678
286.82869225464606
287.0087779483523
286.8612063886814
286.89912317622617
286.94580308877505
286.8913498860276
286.8319018203503
287.1117229324773
287.13778656934386
287.0284556744891
286.8019186367891
287.0035498110327
287.1875333066622
287.1463358822923
286.95651256345207
286.94638693765444
286.92216051122847
286.9387665889651
287.06563200150435
287.10282804225756
286.7218475763023
286.6509386638225
286.87797741573763
286.9824784692132
286.924831956115
286.9891419480745
286.97219059641714
286.8605593703125
286.8309717663189
287.0111833015283
287.14764825959014
286.9770468486771
286.7442141210995
286.73049476245103
286.7749363825989
287.07979253100746
287.20341151034125
286.9181457404294
286.85116033504727
286.7978890600318
286.8324965752375
287.04986531633904
287.19449883766436
287.0803988938709
286.90650226346867
286.81426289164517
287.0984494247439
287.043208827327
286.88466575035676
287.006092906227
287.13006057776545
287.19425803899185
287.21641760222855
287.1361028468509
287.0317578544389
286.81693729115955
286.86568044037375
287.0386864653774
287.12728059033736
286.92482222671504
286.91153170853903
287.10246001655366
287.144484441487
286.83032116589914
286.9737670059058
286.9800325860903
287.05160813769663
286.7874625646593
286.8456995895538
287.14163799235735
287.0600353313088
286.8367086085404
286.8176066034709
286.82628269089395
286.987060720444
287.01669663701716
286.84330674370096
286.7131304446436
286.99210450123843
286.8754622644778
286.65227393159523
286.6535658983032
286.9957285237125
287.04025221874684
286.67036538220606
286.651014351892
286.8484085245375
286.98668791731166
286.78047511297564
286.76224902518
286.95761522476306
286.9575720216921
287.0809348648731
286.96644722354114
286.8015351341625
286.7776980350729
286.9780845262516
287.081167132898
286.8493144809667
286.7465402653096
286.91212013594054
286.9928463011712
287.24177443843377
287.2129933612832
287.0543104393476
286.88318242122233
286.9639646592262
287.0057134387615
287.0292889725588
287.06211448928536
286.9513685659415
286.84760058384535
287.0791371341695
287.0113780592482
286.583996351443
286.4811827663866
286.6739071294003
287.09331735353203
287.0619175900364
286.8556156403663
286.9818170716862
287.0907899656213
286.8842368788356
286.7387628209538
286.77762783415216
286.81781955954136
286.98721008774237
286.9865926920758
287.0448390826914
287.1566589174694
286.8532363970842
286.7777495697119
286.8440447994894
287.03315990711235
287.1970046166229
287.03932229364904
286.9425378811952
287.0355444519044
287.0525875482755
287.14269334658366
286.8526907024154
286.84258873581007
286.99322198492644
287.2591808148682
287.0938742971732
286.8825853333044
286.8823410406344
287.0828003993667
287.13911598528284
286.892189470859
286.73186256947764
286.84364963740757
287.1055326904981
287.1156232807982
286.9594615856154
287.01797002657423
287.1672040050476
286.76428285192065
286.6952118915472
286.8546262844728
287.13393778352844
287.07011507315536
286.84688711951117
286.9933613162328
287.2154485737224
286.92958723010076
286.82650092927827
287.1632861649609
286.8558050684409
286.89611604027084
287.23124813434333
287.11380504807363
286.89459744713326
286.78518650672567
286.98272103087663
287.2558666074862
287.19591047964207
286.7987391162121
286.8155684560787
287.0082895957649
287.27875367125563
287.02249116439555
286.92616878413423
286.99112427322007
287.25596729491326
287.13796250624694
287.0531307818179
286.97178781238483
286.92563405599236
286.95459612522774
286.94735773173807
286.96682730344156
286.7533768029143
286.76198158420004
286.9564656384558
287.0430197962617
287.0993151020706
286.8539452988474
286.90416291792985
287.06043830090994
287.1143670692725
286.9755119184644
286.7523825837092
286.86939007919875
287.0676205314782
287.1104490376292
286.82192596474613
286.8214176226844
286.96991140843994
287.0704771519789
286.80590090103976
286.7207228554155
287.0181101128503
287.15084652114376
286.88189467318
286.8669896481838
286.99152272617005
286.9284810275273
286.83928983072394
286.5426711212357
286.7421101249233
287.02766747150605
286.83493212378966
286.799899973268
286.8686018516664
287.0191966729817
286.76123676843645
286.90599403298165
286.9224663219195
286.9205498438375
287.02663706445406
287.0258014442826
287.06056727807544
287.1823116124696
286.9007571191977
286.84290484931375
286.85528216168365
286.8677911966754
287.00025859600595
287.1303610635037
286.9981719956656
286.84035781521703
286.8658933267079
287.2479411019448
287.2117392100386
286.814592739747
286.7875775351197
287.09767242561935
287.157158646472
286.93542913069905
286.96313620052905
287.06860975222617
287.0233912836219
286.76136080382884
286.79012518135164
286.81807662693075
286.9316805675946
287.00550521747124
286.9674695103878
286.9791795556615
287.14218682993663
286.89483425438755
286.8109711839075
286.8905732802099
287.1136139219224
286.9902154885158
286.79967360585965
287.0341647074036
287.2316533194067
287.14262794409984
287.01311823007114
287.0085172702008
287.2203886877022
287.0428461028088
286.778320442468
286.73818496111016
286.9731912873576
286.9793945673118
287.17835744383996
287.2549808173418
286.9830724135718
286.8762515869324
286.92949740278135
286.99194641877983
286.91760552112896
286.97065654394686
287.1065920792626
287.0263150305613
286.64941617579063
286.7341883937518
287.0191193453457
286.98192614082546
286.79969508741146
286.8535727391194
286.99556643958
287.07592301392026
286.8166107489067
286.7815141188431
286.9807770771164
287.13628585817725
286.8337124047732
286.7106703601493
286.9221021618854
287.157572576246
287.16826429928466
286.908230600372
287.07270040007967
287.1466330401723
286.8688388259508
286.7788981016262
287.036420060547
287.13670483866264
286.8631510860266
286.76934773949023
