288.0343886265544
288.94744108932224
289.3320561082426
289.51467499838014
289.50437277174177
289.679494529361
290.1714398424299
290.19658963418675
290.13702752895205
290.31835883652315
290.27127291285257
290.1594559097869
290.433318164325
290.5536823730623
290.5600277980894
290.6327465506313
290.58475103710686
290.3963906153155
290.5827522823522
290.5821493178294
290.3769613382223
290.4909057375958
290.6542984970821
290.49734209867347
290.7958319172943
290.7395960773345
290.43216024433144
290.4476664578468
290.6160803659295
290.5603925957968
290.63307606985256
290.597095554775
290.4385870390272
290.7096478482703
290.62157159065526
290.47207625424653
290.61007554013383
290.82448279366804
290.7768189068221
290.53072159274006
290.5580829918569
290.77819397577406
290.7513076657985
290.47812706717133
290.67089738102385
290.82136406302897
290.6302027989212
290.71939671780683
290.79034791364046
290.6537766528807
290.71341282831855
290.82822900258736
290.65080250036567
290.560816073851
290.823061582264
290.7785495470408
290.60525501785537
290.7382363471587
290.72930141599613
290.65654864576464
290.76942311646906
290.66830715087315
290.45431940847027
290.74234919294236
290.74049735436944
290.6066188833742
290.70283546421206
290.8368866953626
290.68198827109177
290.6989632401287
290.80984293423967
290.63742373807116
290.8145513118981
290.73748416401395
290.50944115333647
290.6433771752174
290.7312286288153
290.6045771015983
290.6980865773712
290.78162097577405
290.62357648811036
290.8083108775448
290.7473215504159
290.70344473128364
290.6623817450518
290.83474483469723
290.89200395881994
290.65934201192425
290.5563767795408
290.8609677224844
290.6794917729519
290.81766238853794
290.96125378985033
290.9593265519538
290.72244109656333
290.88692258051486
290.9428626117947
290.8976862022737
291.06016800327967
290.7226990659649
290.5280083962843
290.9275430808555
290.9074511228325
290.8394140943108
290.9979354943869
290.9054740758915
290.97738358008485
290.8030896773495
290.92221885129163
291.00600490870653
290.90607451986597
290.9868284163586
291.0329557228057
290.9989211610243
290.7822879198313
290.8929309005989
291.06268455263734
290.82286936082625
290.8579198777502
291.1890908179781
291.16812178516506
290.98250450086204
290.9396106802802
291.22844926742647
291.1220194588375
291.0125007758187
291.2014862418208
291.2779650656003
290.97926198555024
290.9731940410647
291.22218692498654
291.1455611774147
291.17777170210036
291.2222583027094
291.22138514570065
291.0687975732343
291.0438708036854
291.0417556734565
291.25484026157346
291.2568220405677
291.14761361033146
291.2251661447143
291.2554642266493
291.00631176090354
291.18824706592767
291.4402731780315
291.36852460562346
291.1909435092295
291.21205008455536
291.2529646038486
291.2104725938698
