286.76921026108465
286.8840853628207
287.0132618267023
286.75695831709965
286.87663515552725
287.0226208174881
286.95275309579927
286.63715659329847
286.95888133254084
287.0304406565217
286.876227423359
286.865300266867
286.78923471731025
286.8593832574185
286.91161344985375
286.72904632431533
286.76836628415055
286.6867498714141
286.68456985523227
286.8598006146702
286.77682541900947
286.89646077868656
287.1577552906346
286.8837122275207
286.8364640783224
286.96889853821745
287.1064973995094
287.00236569045273
286.8788085449097
286.7850811453951
286.9274137154112
287.02703596464715
287.0100655612126
286.77649732669533
286.51467374495076
286.5903402787621
286.88254345998337
286.66364393425016
286.7062763106419
286.96453116555836
287.03501014424444
286.77120728947057
286.85243229987594
287.09419872053877
287.06801157298423
286.7571135321001
286.6262246850503
286.80810749746433
287.03965735976885
287.07155231603576
286.9552508104293
287.0064057492382
287.1241062879452
286.87588108846353
286.7159963890149
286.9595444109215
287.0820874534871
287.01385805139137
286.90509156411997
286.9925741511025
287.09204613047245
286.848937189546
286.7729770683721
286.8875667524274
286.9876820544375
286.90545970184326
286.95317728876074
287.1291105549147
287.2726029061865
286.8346018657634
286.85005665683576
287.0587110175351
287.07275476808303
287.1829797426613
287.1361789749036
286.9176807813072
286.9231895645615
287.0272562419819
287.14497123185765
287.10655215089344
287.09424174517716
286.86735113459105
286.9198634897892
287.22566616503104
287.18310356265374
287.0157794168509
286.94538531003025
287.3243208012665
287.30703531623226
286.9781035054931
287.09502401499634
287.19401318906006
287.118020022142
286.9708222207469
286.9472334307564
287.06214320724126
287.274475773437
287.00574914219754
286.8529912767709
286.93989179379895
287.1323325756309
287.3604522212917
287.14935078550064
287.2365782262533
287.29297831411156
287.0113486394007
286.92721288521415
287.1176085521278
287.2845807015699
287.0148749810622
287.0892867659439
287.17869914144353
287.08892525241527
287.0760374163405
286.93270947650416
286.96327180703827
287.06814418580325
287.16974745135514
287.0847634707418
286.9180998031348
286.83871996068575
287.053047476885
287.3324021026885
287.19034538278163
286.82992606788633
286.76106675704784
287.03870046395946
287.244754984741
287.1373850399804
287.23108963483344
287.33433184943647
287.10241576815855
286.97467274092804
287.14298267939205
287.2661522537525
287.08274154339813
286.9669802651506
287.2114918800884
287.48858183097894
287.365746681576
287.1147532177214
286.9931797046255
287.2451460263472
287.38523685260253
287.17336453005015
287.1666139853031
287.2211815667732
287.54865048955526
287.5918907996446
287.39346289524735
287.50851861750215
287.7488721524858
287.81533665363827
287.5043281520852
287.6580088387976
287.8054803926785
287.4726368166882
287.55441994384483
287.63416286875974
287.74580138854145
287.9786095942644
287.942363562294
287.6794138588701
287.5493651427206
287.8909324760971
