287.25864355269977
286.8862254861842
286.86666654604056
286.9822570088774
287.0562613023099
286.79117173634245
286.7634477044142
287.0119784967077
286.9812825506961
287.06500569319536
287.1405387085827
286.91431014580525
286.8968604228284
286.9290739148782
286.57353839724675
286.662330459239
286.9880134850887
286.9297920889202
286.70143341790157
286.7698708949224
286.912637519857
287.09147041351247
286.93970163420977
286.9249009530206
287.09994197222744
287.0834762435446
287.000210780167
286.78831136736756
286.79743094265024
286.89355761803256
287.0029251538479
286.76498507654355
286.73231618055297
287.0162954819989
286.7397091127732
286.6323916722612
286.70941015497294
286.8650301147311
287.0291509323563
286.8208318491339
286.7287806532654
286.82101036288077
287.0448542882119
286.9827041403896
286.96365852507165
286.9310128365307
286.9053010441553
286.8393019988705
286.99208456907235
287.1011095549553
286.88068645189554
286.79034672298286
286.96580693419236
286.78974829897174
286.64374599048193
286.7756673396967
287.0066714137409
286.91350776803193
286.75268298024275
286.8402018232597
287.0208165691895
287.0990608866325
286.8110826065079
286.7638765885042
286.8438686647597
286.9465385684321
286.8855520234363
286.93346468512095
286.96411079307563
286.9727905396576
286.95284184060864
286.81314208737894
286.90167917741167
286.93191055928366
286.9958129459353
287.2863741719646
287.2228613741878
286.7186057387069
286.71368564617035
287.1464615530449
287.09651893920596
287.1291203397156
287.0730403833416
287.2983561933323
286.85233872135876
286.8230060772297
286.94453597651784
287.1068923454426
286.97179644834
287.0226015633909
287.0168281961484
287.1833173507535
287.1640797346908
286.8875419874721
287.0437455392921
287.2871843010018
287.0736795181345
287.0307072628313
287.2016112567189
287.3185508723874
287.4498288259271
287.2989193764817
287.0032291029526
286.99220410678316
287.22936852756436
287.37698231554396
287.2476327661912
286.9605577890811
286.94978769171337
287.0368223225629
287.2952707539437
287.3472387254532
287.12468596263795
286.8557620787608
286.74967568169745
287.0245136052987
287.22927359948847
286.90564079105815
286.82382787749043
286.9842462925187
287.2479182371379
287.2432271386225
286.9121717204805
287.0421089602921
287.3314464772321
287.13154709119664
286.8919275195493
286.98854928291706
287.28879813097643
287.4400510809692
287.2289041903371
287.06627904210796
287.07645385294353
287.3187154854847
287.33902375320946
287.125774710599
287.24754828696297
287.42824426269414
287.39894387923124
287.190168402671
287.3555286023117
287.5190338827164
287.3263789916659
287.1528925728636
287.24514592247834
287.50231357083993
287.60446000270235
287.3779210691746
287.3703026912757
287.5897749780055
287.61786364943583
287.56913371324674
287.67515119607015
287.7905303057808
287.64991657340767
287.4092817700517
287.41413479094695
287.6283606088736
287.82531160324135
287.86335517523923
287.52848482846474
287.57758919387385
287.85342114944706
287.9440585337569
287.64539984717703
