286.89453122125326
286.9821195926459
287.0314817859569
286.71905447039245
286.7559057932034
286.991933177888
287.08515609240004
286.84390398626255
286.7698588644998
286.8930464297766
287.06340154863267
287.1194723209542
287.14990594596713
287.05037273359034
286.96664361442936
287.1733137616704
286.98754765039786
286.7613547421104
287.1274780194524
287.3021476052796
287.3419522149322
287.11760261573716
286.92691059235347
287.2516073242912
287.54522451985946
287.4972732362555
287.55831791552083
287.59401500707725
287.38417992107554
287.36528768704375
287.48633106730625
287.7746233328148
287.57920903093907
287.4664825789525
287.5797372289355
287.73404040144607
287.54645766995645
287.5867672465766
287.8038634139551
287.9026841862238
287.6565031986408
287.55053339657417
287.8159919784251
288.0429949948352
288.04271800720574
287.9797967065865
287.78656424427174
288.0138628850813
288.2232799381292
288.1018384129111
288.18766041277667
288.3099206071934
288.2647203274447
288.25832981950913
288.13075404527206
288.17541958856424
288.37257619873157
288.2256586626016
288.0974408556745
288.296459756656
288.6454160489469
288.3255509537009
288.2646629855391
288.55058350768894
288.6226573113741
288.62074215401697
288.6227597799051
288.52964991697934
288.63984126832605
288.81893411552073
288.3438284239086
288.5455034895703
288.8871079569158
288.9270490956979
288.7744029872456
288.7100464297158
288.8545508521975
288.95807476434993
288.6841329480352
288.6348610920167
288.7761557305592
289.04285069931785
288.80991906317126
288.4577210095644
288.6329186465852
288.8581989226527
288.65309292096225
288.6064399602765
288.7552007367851
288.923728663326
288.76523232610646
288.799961499217
288.9292788682744
288.8589191941316
288.6372622158845
288.6143064147715
288.80562684474427
288.81227918685954
288.80464827085916
288.6789635638276
288.5556106013562
288.6584165266342
289.0152574606938
288.93096227898224
288.7821471435027
288.81423636441014
288.8667195698753
288.5480093714551
288.6814949674397
289.0327172011746
288.95588262183537
289.01829015590204
288.7741956762407
288.65518888619033
288.72340888687853
289.0273989634436
288.83708841740264
288.6653443560384
288.65343909062557
288.9171514114886
288.88546525539255
288.98412441362393
288.9429307226421
288.9287846670187
288.8208945441448
288.7491959190724
288.9820404603536
288.73204137125765
288.85091874034936
288.8651992221239
288.99695115018596
288.85392014591105
288.8405086065236
288.95961901543234
289.0030845653372
288.8114741949259
288.7773089228673
288.94956844658145
288.99583702025654
288.73649651228686
288.9610386662944
288.9861838355837
288.79154218066157
288.877950605848
289.1685971663819
289.22296782281177
289.02750053980424
288.99575199877233
289.0433902217016
288.9129977639405
289.05589260339383
