286.8322490170054
286.88645157720435
286.88006570288167
286.9435166192447
286.8715808103369
286.87939457188537
287.15701030584427
286.96997630106006
286.9547300560412
286.9510440878679
287.055886220127
286.9871581669495
286.74852564872003
286.69148546047654
286.8260545528127
286.9272322190854
287.2036996797235
287.1073987498905
286.8061612050258
286.79586927640133
287.0488983375051
286.8612533663814
286.91483229749304
286.95427910507004
286.84202885400356
286.8219820914717
286.7270884942354
286.97883083760024
287.0554403548506
286.91881450228726
286.6943096759283
286.90483274072096
286.8942751005688
286.85377638420863
286.53590463171116
286.6508832372062
286.85496299512636
286.8144236243442
287.0205048579109
287.0978101403425
286.75803045473174
286.6567844283026
286.86036324328836
287.06152603369515
287.1766490324426
286.9185249666646
286.91160998051646
287.00592629186787
287.134852711931
287.02145573671066
286.80597638084186
286.7375853264498
286.814323959683
286.8995516318669
286.74455421156534
286.8534514097411
287.0550215034182
287.05068188029554
286.81111162260174
286.5656644355755
286.708254130552
287.2042023034473
286.82328394883643
286.6931293998833
286.9134065584724
287.03015411363776
286.735046840017
286.8075287112114
287.11587667057665
287.11809351679966
286.79884152068735
286.84448421833196
287.13953636027287
287.1545172463982
287.07260584300417
286.9274983646396
287.027566546884
287.1771816138639
287.0202808899321
286.9579878263012
287.2760735585258
287.2237228406302
286.99409339659115
286.94142760175856
287.11926357083905
287.10633294274913
287.2865441236339
287.2125375591798
286.9942507180835
286.9235122441746
287.0878759452102
287.2697561394309
287.11359271347413
287.0051248853451
287.0088891836549
287.21741286080896
287.2557008537114
287.03123760294136
287.0214888993379
287.24140726992533
287.4510924855012
287.04815459872276
287.0057885258854
287.25406968325586
287.21107905048933
286.92940624277884
287.1088280701514
287.28117512941463
287.23068012778907
286.97333797566836
287.1059493841673
287.2465906995898
287.2153739111852
286.91141278801547
286.7209245073218
286.76914769441095
286.9810127461494
287.13760628659503
286.92702977512323
286.7474415740028
287.01668374391505
287.2655947362809
287.01364099911393
286.96685678151437
287.2157339823147
287.25180628318674
286.97875482522034
286.93315090949744
287.2338966668505
287.4447136979226
287.1373858048286
287.20296696367075
287.41931654395324
287.3208981180102
286.93680422922694
287.0319089759521
287.1883402762682
287.274155013378
287.4534646261789
287.4065169990016
287.06664673839634
287.1649133286577
287.2226391063174
287.27816426735524
287.23828152283454
287.30209794075756
287.4134044613407
287.64515991670504
287.34776633244917
287.2609017944733
287.5860321233024
287.68432578173685
287.451831110115
287.4733498516801
287.8250557469948
287.83325456881363
287.60026836960844
287.6164874160557
287.8137926492796
287.91227769147144
287.7268675731442
287.5663881916808
287.7793640168263
287.99293034903394
287.93791424664363
