286.1115442880421
285.91514711354245
285.82692970879816
286.05934322366306
286.181006483386
286.03172705626787
286.03553084628885
285.9901231095388
285.8990009185845
285.9833411666649
285.9471097767954
285.87685728458126
285.7683770813661
285.8320615890684
285.97465197721675
285.8161966316836
286.0067997178061
286.11590397080045
285.97216472324004
286.1645209135329
285.9591311877764
285.96633669802725
285.9906556045006
285.8984952164602
285.74872671966784
285.8170532222826
285.72553946654324
285.8626596226219
286.0656764072583
286.03110226337003
285.7659191679055
285.8403042154366
285.8836591569446
285.71828336121496
285.63368006626376
285.82727329175884
285.6779450202141
285.7717344566957
285.93120766770056
285.8058085864151
285.7113332722044
285.8239442958494
285.9290024394589
285.82473039798555
285.7249693812216
285.882258677079
286.0617391223584
285.80969813217996
285.8792165620509
286.0100849016748
285.9008746420737
285.88972637122146
285.8796323274881
285.7865614768169
285.93520266081885
285.92268521230875
286.1378268891201
285.93993254437646
285.97973080530056
286.01874983841054
286.0877768639978
286.2447712817292
286.13240572377583
286.2560823208734
286.0199302209982
286.0704773702166
286.04650949701823
286.2555758839038
286.12699837990726
286.230117974394
286.1382045145495
286.0983242072419
286.27763209042087
286.23033082578706
286.1624728045361
286.07910994039173
286.28958595120076
286.3996777913531
286.2929195755376
286.37418035912935
286.2546326661198
286.1901456496848
286.3831218708151
286.2355901289868
286.2789812875629
286.26861463803914
286.3779762473855
286.5300341222954
286.26197179931876
286.00611670728455
286.066958678413
286.0520599257774
286.0094109394632
286.1113304308243
286.1177438599978
286.13978446820215
286.35126541919277
286.1134858610934
286.09248796473724
286.1704269149622
286.1688917885885
286.0244245286321
286.1887110265803
286.09037637992725
285.96369770527224
286.14051672105404
286.35456191551685
286.3200226927939
286.10630637137837
286.0753422442012
286.365330387675
286.12151007438973
286.0302389781907
286.10788024193363
285.9199744717612
285.7111476636257
285.8747742767305
285.9617136060565
286.0657921225424
286.08868584748075
286.30420049744566
286.18550964406256
286.20506860140705
286.2208178759495
286.1520979234121
286.1443750663251
286.21868259893483
286.3227864684466
286.1982940677097
286.33288406169544
286.5558353946533
286.66745306514906
286.6327114823148
286.5145305283764
286.4517743499826
286.36816380247944
286.3788311928913
286.4709817742431
286.74703903811707
286.67847127050726
286.68625597881123
286.73004431707255
286.22037305830827
286.33610033928403
286.5831246996269
286.7689024694214
286.73626622301236
286.85549949192733
287.02840370502673
287.0821627034554
286.95325735811616
286.8605588772878
286.97045468383084
286.95031448356224
286.9872460447264
287.09055617585324
287.2918693260236
287.1431666756508
287.0221479165057
287.1408012347206
287.26531519100934
287.62078979383455
287.20640211082815
287.31435015521055
287.5316816441801
