287.1376695373136
287.2168889632561
287.59393486336415
287.53643413702343
287.4672429969741
287.5361485079571
287.55585679408995
287.4107269683637
287.46401259401017
287.69750570663473
287.7596177148682
287.8664858046943
287.73737009956915
287.67068259703836
287.7372515917907
287.6301508578637
287.80279150607
288.10053831719176
287.9489685442603
287.92430815185094
287.84394350357985
288.0895746784941
288.1866817935255
287.99125528979044
288.26105320496123
288.5376686275547
288.32101390050224
288.17686809449043
288.2389909186818
288.12826503170083
288.31263748516744
288.492949213047
288.63283047720245
288.55651740359053
288.52362327419286
288.55353010844607
288.3366910103208
288.5545380722299
288.8812166551791
288.8762788475677
288.70466454128666
288.4861011481832
288.713866313772
288.8235304548696
288.6968940423821
288.85391144174986
288.8869590446622
288.9843554836184
288.9534058438514
288.9002884282889
288.8152440281473
289.013542751306
289.2124386198813
289.25861981918507
288.9910920332044
288.96684855315823
289.1612290275096
289.1855277048096
289.4983672390762
289.23740661462864
289.15857322714515
289.4565707421089
289.38982928477594
289.3391004526591
289.25583191016295
289.1765370802364
289.2183324496911
289.33073379588006
289.48340424397384
289.6362641351038
289.68401804101836
289.6484070691214
289.4388455118155
289.4419022184309
289.5120410812383
289.7863425510589
289.78712759693013
289.56631171007996
289.55051614738795
289.6342642165622
289.68217095584095
289.8516768341123
289.85657476332875
289.5024397303136
289.5434862134318
289.90983757564993
