286.084468648332
286.12077098011696
286.0862654848867
286.1491337454353
286.06099764306987
285.9772141478454
286.1365435590095
285.9873415670971
286.0159339731826
285.8815994795943
285.92723414729426
286.0869401145984
285.872026278651
285.87567751014575
285.9249334133511
285.9097496701517
285.871691523013
285.89728772300333
285.98893761318635
285.8038960186409
285.61516810139346
285.83141565158815
285.90908599583804
285.65869562304766
285.7514938538562
285.7384995102887
285.884666005031
286.08879134108486
285.9303302951032
285.74052960016985
285.7637121385902
285.7190312488257
285.65642375892185
285.63129016823245
285.4233052822066
285.63273180097724
285.71578461902845
285.72927039086835
285.9632079175505
285.8826419726214
285.76100967285885
285.7500381830095
285.9739294646405
285.74556657336694
285.7659760081071
285.84057273710704
285.7624638551234
285.5551835958812
285.6405763813192
285.968369512494
285.8184134042209
285.66926517897303
285.73474596219313
285.639209947733
285.667831989563
285.75669491025764
285.85477386831604
285.68713152917405
285.69191652021385
285.71668768562216
285.75757769807683
285.83702316248747
285.522320414166
285.5827828770178
285.6715334854691
285.6431245167828
285.75205715191555
285.9388107972029
286.0339638302449
285.930127058013
285.8327245550534
285.86781406675925
285.8913893155965
285.8999180730895
286.01234031328784
286.0842136252107
286.0020845797531
286.0739888549559
286.1841206241637
285.947179456926
286.056350188983
286.20942646924254
285.99590975334075
286.0098339999929
286.14120189101556
286.28592391022727
286.18327012306054
286.12350519162777
286.17231984500984
286.38373775212034
286.2649343426209
286.3595046179635
286.10087527551866
286.191841488218
286.24202036765115
286.14003291936376
286.1177015350909
286.2585713993151
286.4922413755
286.37432794044906
286.24114235756997
286.24853783298636
286.1582723271651
286.1952122486339
286.2052247438066
286.0289775825265
286.06887550814537
286.53730365850936
286.4469677991196
286.1650278863074
286.3145120814566
286.31181824985833
286.08616193325605
286.1393064246209
286.17355022657136
286.26014943314783
286.2399926959934
286.129240874231
286.2154794415048
286.4369700392275
286.30162488071454
286.38139758420124
286.3523144890389
286.42486186568766
286.43100093568336
286.44181235986423
286.31212545598777
286.30936729957716
286.3892316429951
286.49593819634885
286.6064335838407
286.5221256365398
286.4273516469372
286.35663570095363
286.3902354033923
286.3174271126563
286.49134619799503
286.727432255501
287.0349623811422
287.0845654783766
286.8305788858906
286.74469160788
286.6503534608907
286.5742941797305
286.56373069518366
286.7519786446672
286.7825583720315
286.8489438348886
286.98171631557693
287.10125313856355
287.1888057734905
287.0996432201263
286.9782414031182
286.9737001297469
287.06957672301365
286.9836661778833
287.08318107463805
286.9532274901174
287.0045845490707
287.0534509979861
287.3329892257088
287.2946028839961
287.08750537205657
287.0771744641732
287.3894412235324
