285.5844270058101
285.76283049537085
285.7902742996741
285.78896868614686
285.93764529702054
286.0363106022611
285.8015100763403
285.97371668968424
285.99204745239786
285.9984339143678
286.056069856308
285.91565507713534
285.83978710929887
285.7648545007444
285.84556124642114
286.0555951901758
285.8722548616428
285.9659507664219
286.0803976653879
286.2853490457884
286.1138606044513
285.9289586869752
286.3198384171683
286.20013145204064
285.9477073747973
285.86303286676315
286.05277749656017
286.01315755390635
286.1833984215791
286.22182461871836
286.2143694482252
286.1365607577426
286.14316436409024
286.0182327015154
285.8083490944868
285.9089776229951
286.09718982236564
286.1303028745241
286.2038109084258
286.22844511245466
285.9198354907912
285.9300564404862
286.06744240936484
286.1934043833578
286.20327154326975
286.0663760032384
286.03781890258006
286.3004686221536
286.17602688971766
286.10014885723854
286.111151524098
286.0159386885357
285.92427546047196
285.7359532879462
286.0883000391189
286.180890424074
286.0578024863806
286.0705454132468
286.1790605351312
285.98694961885775
286.0773130065416
286.22128424870533
286.10215812861367
286.13023571417364
285.9862684598526
285.9715385344588
285.7755108251694
285.9897557779015
286.2675867282806
286.271352725268
286.41512305272875
286.26857475618897
286.2449676741506
286.09917821609895
286.09115590797103
286.1731279321993
286.19985604403985
286.2117362416257
286.1850820907817
286.04614054892255
286.17802770877677
286.26746034195713
286.1104295057022
285.9994956182063
286.1784520723351
286.2346454824462
286.28619096456646
286.1706397006319
286.2406222816609
286.090500868595
286.3250818448496
286.30127054069527
286.1026258887833
286.2681205730197
286.1818757761362
286.2055167800554
286.2042084012062
286.1820367319902
286.37688471610596
286.4557358357894
286.39365685062364
286.3477986605224
286.243875589048
286.13280661217664
286.1160539205017
286.42541700865206
286.42230038689354
286.5376015713484
286.3906392918841
286.2664791984149
286.2892606950112
286.3963661875064
286.57723567102175
286.26760508383796
286.1900418324072
286.25383372598986
286.3929604770174
286.2956503251937
286.28888936165606
286.6301274145564
286.41241679189164
286.1072814511229
286.12247375808465
286.3995337580437
286.6722532297159
286.50203352543974
286.4338399115162
286.3138796690851
286.52592600703497
286.3980315860746
286.6536353600826
286.5350452998252
286.5090036209309
286.3614479906362
286.47825225663564
286.77542974881
286.8318110298888
286.76394353071674
286.6289928832006
286.63933553472015
286.6745065580322
286.6725271601329
286.65641420750313
286.64105388537666
286.52102631560246
286.58076636129994
286.8800006137859
286.9285732103402
286.9186224631271
286.81618477386553
286.90589177248614
287.08265210678684
287.00638902579567
287.0987321954734
287.23622859351303
286.94502355194084
287.1800656023609
287.2047334212408
287.13089936574016
287.1421563759021
287.03809926040657
287.1412703053783
287.0548695854625
287.15872844049983
287.2780140990055
