285.88897342837333
285.7797033347917
285.71389808946174
285.8244259470807
285.9703337886053
285.8967851557213
285.88649083376356
285.8050773457712
285.8961914569891
285.88806546219047
285.9793671962202
286.2146945796605
285.8916006752657
285.81905601835155
285.8759518095018
285.79343165459693
285.8728541328111
285.90512921468394
285.99235288497124
286.0633371107957
285.9353020740078
285.9763367940035
285.98816787297056
286.04560865974594
286.056066221315
286.1708798875974
286.1497058298534
285.90625476756895
285.83935603783027
285.9491343809606
286.00735623245686
286.0117662042736
285.925664051265
285.9348601702571
285.7320621066521
285.91163583158374
285.9350351775965
285.8347408519431
285.9309706965291
285.7266815095232
285.71085912648493
285.8295116556387
285.8040978084535
285.79173204866356
286.00478968215145
285.786979056035
285.8695154013168
285.9975332001318
285.89333307351603
285.8027657742492
286.1023141859814
285.94041261337645
285.9134619373323
285.827412708315
285.95887926133787
285.7767487838511
285.78174811559654
285.8972893540656
285.82999479821746
285.92943220077944
286.1677682066695
286.0927251391865
286.09038446708956
286.0427741792651
285.847533168114
285.836907817536
285.807369635364
285.79940461370757
285.84802936940787
285.9234947948606
285.8972904079004
285.9851043611747
286.02491528617276
286.0530273326012
285.90501652534596
285.9710201582692
286.19000558550727
285.9836601687036
286.16099307265745
286.2206866801719
285.98738354803635
286.1448596641384
286.182506325297
285.91733804332625
285.93659678484835
286.0855809357143
286.05231787549405
286.24879617119973
286.2776325167947
286.116914055928
286.2158526640874
286.30252416702507
286.1746738068602
286.1869279448485
286.17611582068
286.12808282644943
286.2416466632989
286.30654433918835
286.3515421991479
286.5821591160868
286.2955232503307
286.096588534307
286.1471481044125
286.3186340955628
286.4409924711745
286.3475597196478
286.39557021897303
286.34616979089685
286.42805779640526
286.27019396086007
286.2390965620646
286.46390766485814
286.5273194875563
286.29848980080203
286.3389849920421
286.5911540372401
286.35758670682156
286.5176620914741
286.51740979947925
286.2759888407352
286.3089117856657
286.4288873672707
286.54164213178865
286.54066776740007
286.3376850278569
286.41499075191945
286.450434909834
286.4214252570953
286.45846522236025
286.4882823915035
286.55906660170376
286.4755015294451
286.71335260455226
286.4467185655289
286.5585622282128
286.7601955042363
286.64965824764886
286.62952762399095
286.6843864595293
286.63108727895
286.63173128992037
286.509445314993
286.37108168088275
286.4280535053288
286.53205236236926
286.5289332041641
286.7472090227865
286.62754105589335
286.8710720518278
286.9421573974732
286.8502997023501
286.9859796059859
287.0905453294484
287.0086464008438
286.82855289844287
286.9831171844157
287.26953082061095
287.14609431003856
287.1938439989814
287.2137963896766
287.15970550810636
287.3520991907044
287.20729440740223
287.11955746051126
287.30148862814985
