285.61585156200465
285.79243240472965
285.91830033338687
285.77977082202415
285.6847231720654
285.80217208258154
285.891682848205
285.9426938625309
285.90308457792565
285.9944097402101
285.92982570381304
285.69950125054964
285.73656559391765
285.83747536883516
285.86748220516796
285.80181393418763
285.89156640882373
285.52114377537646
285.72676588906023
285.9901497502189
285.8509565704511
285.73481251761615
285.81541440298946
285.79807356064157
285.81684007748686
285.6607500131444
285.56650646101315
285.70303364837275
285.7382560681099
285.86676874022635
285.6706836753285
285.76609381756725
285.8597519868624
285.8437445060743
285.5105882104158
285.6433075404436
285.4358513965364
285.4318711520151
285.80675092776426
285.86183983034266
285.7850340134716
285.7265366815335
285.676979817441
285.8408083980412
285.73756619920186
285.85565566706924
285.9956472287479
285.80057165118217
285.7294498489433
286.0472794899008
286.02691196839334
285.984240442714
286.1350922509729
285.83114490474
285.9360378296296
285.9485555499303
285.8818220317574
285.71575912357315
285.8019090291665
285.9424176018885
285.8497389517184
286.0593794941079
285.93277100145684
285.7510864274235
285.8476512060827
285.78031037234086
285.95126637034673
286.13964078979586
286.2156532654096
286.05567277761475
285.9138876265275
286.1277081095592
285.96272065092745
285.92978066184634
285.90622525600685
286.206936845966
286.2594563470627
286.0943470147652
286.15109163263446
286.02765574765846
286.1705027827255
286.2973415862121
286.1684551377899
286.1506458373938
286.14529962635635
286.295196231933
286.34164050802997
286.17787126801966
286.2403694389332
286.34193975273496
286.2549918412405
286.3090361137911
286.4211359547299
286.47706238446256
286.4499855460341
286.16474781198895
286.2338401388223
286.2706266509994
286.19235948608735
286.50306768218877
286.28097262635174
286.26402996258895
286.3795903038644
286.39701533159973
286.20703159289627
286.043130699153
286.2170240677204
286.49385627443115
286.3198391491992
286.17992942415276
286.2195501937759
286.4776385710059
286.4215809760604
286.5133155910255
286.0615781141658
286.07187579381383
286.2433951157638
286.4228905927356
286.5002030498098
286.297053165572
286.45606318331755
286.35127698083056
286.40435730114064
286.2694436794086
286.269220456961
286.2998088627347
286.3714557477519
286.4778713044775
286.4318576593749
286.6103884598441
286.6628867108362
286.5281447268685
286.55725466080247
286.3414780292868
286.43612962533524
286.5332775336037
286.6629224231134
286.54626558793484
286.66749613029145
286.88220944595616
286.74726562173873
286.58688797544943
286.4087333291461
286.53630238628494
286.6412468260627
286.55278835925174
286.63021875786774
286.6152701335318
286.59490068071506
286.79797862664236
286.83729742958946
286.9619941556719
286.82025058984766
287.14122506947035
286.98887935702646
287.0569614904517
287.18956749956413
286.96697689001866
287.07544439424174
286.9370652748827
287.0722591844369
287.0237723182402
287.2604455698449
287.24277885628567
287.32312250719633
