287.57343244841695
287.36730989224884
287.3096484050318
287.2277704322123
287.5905801003757
287.6736001476176
287.7146166194258
287.8211954723455
287.7624379978471
287.85223766485086
287.83981020050925
287.7380149867673
287.83315675471005
288.05221640234623
287.91436488808915
287.6063185684883
287.76563126837317
287.9092697779392
288.0326735379541
288.0786403724893
287.90632512616054
288.080436341922
287.9786866815219
288.10281030316577
287.94265321059345
288.18582201774836
288.37699769230375
288.2177054159079
288.27083387757824
288.460584880952
288.5766353310743
288.56938405867834
288.55849570238615
288.73868155149046
288.72733062161893
288.5066407156053
288.58093757862264
288.80021414554113
288.98427698929373
289.00422022860994
288.9614282681833
288.8904898468421
289.22260817124885
289.27250613461496
289.3090070007844
289.2732798394796
288.9822514226774
289.09729641817984
289.2939648128039
289.33417640068114
289.169944183232
289.2809641864241
289.4388319210406
289.58124030651743
289.593023826312
289.463715010035
289.7588115989335
289.87105933996105
289.6302430392003
289.8689429401268
290.0447338080052
289.9978155051821
289.8772728943107
289.8828016256316
290.10233691926163
290.0210529482363
290.11515366603777
290.46779954600083
290.5163731574946
290.31669944727537
290.53022635827284
290.65281319407643
290.7219699187142
290.80347389922326
290.8885447779227
290.84097573662876
290.86000341841486
291.0642503933517
291.3087466320318
291.25029033823057
291.1688993435162
291.36696574740074
291.40314360987276
291.42218280148273
291.5416192371045
291.7179738345096
