285.8426411118483
285.8100189172485
285.9601860695717
286.0922387636097
285.98920092584217
285.68930152218223
285.8358129214018
285.95835733406795
285.80431019836135
285.85346223731597
285.6582247541579
285.8639292168645
285.78843433304615
285.8220506703993
285.7456069735273
285.89161938955095
285.68332681261245
285.79282095953806
285.80039106460976
285.7867039730277
285.8755313889934
286.1503864183016
286.08026372234167
285.91865505582024
285.8733854371893
285.86036499819704
285.93225327877207
285.8482000360392
285.8566607023837
285.7566007889544
285.674505969529
285.7119172113845
286.0996948832727
285.97551822331934
285.5135405504694
285.7127624803979
285.8100822182203
285.70796039238274
285.83545298156326
285.93268611742326
285.9502562558597
285.8725363194188
285.68987897068433
285.5644134944586
285.83602197681813
285.8315498082656
285.80886225748793
285.8781891376874
285.7937404740086
285.8239533141038
285.85866830054385
285.9404423521467
285.81893173943655
285.6981416842008
285.7258943968419
285.7381325162736
285.7692804023138
285.74945976329906
285.8834491753181
285.87421324088973
285.80952999641227
285.89197354324693
285.8204633591332
285.7459965163909
285.9086632634461
286.0375214985782
285.87898280943216
286.0474267062753
286.1086441759558
285.9207375497328
286.00217986738306
286.13609603055755
286.0425059619357
285.88906979957864
286.061392906091
286.2919722405533
286.29393479241287
286.2308291187497
286.37681091376174
286.31503298612625
286.25359061786463
286.46797997485345
286.33778060414323
286.2492976073962
286.41077183220267
286.40408813848046
286.37317362875046
286.4604027380098
286.4067196819245
286.27509698202965
286.255092945515
286.28079529101257
286.3484481400155
286.36841184853466
286.27007832473447
286.32659408447677
286.3795857975181
286.54609534182674
286.49780518493816
286.2754126952901
286.31118776047776
286.32202103320657
286.50842997415066
286.36996922082903
286.027869140255
286.32201450409
286.55739560535034
286.56438082018667
286.3272762250431
286.5741276692198
286.51603808573986
286.3315095671398
286.19957070905224
286.11867775098426
285.86062242191133
286.1115364737744
286.1581587441831
286.2253044047658
286.2876277303933
286.16371607076564
286.17689950292663
286.44737386544074
286.30237428487015
286.3525721105493
286.34684062720856
286.2001646546214
286.23346721543686
286.2644795544848
286.11451206312347
285.97260669313687
286.0501804995935
286.3858488454035
286.45501925194037
286.31534075756457
286.45521724764285
286.3253336244409
286.52550547315303
286.7454358220827
286.6172770824056
286.59173556303745
286.5947281835856
286.5724472560747
286.43072359938793
286.40750221756855
286.444260455089
286.2192178849953
286.53071957668726
286.6764296623478
286.60541857891207
286.5410313094755
286.736932101618
286.86117766319825
286.9010484305151
286.8514850286415
286.93008809112257
287.1691138241792
286.97280252749476
286.9756331445155
286.9715948100091
286.99101694338276
286.8648955085973
286.9879457161197
287.0040040944329
286.95766302107205
286.95057035199784
