287.25310653997474
287.16794756240796
287.04564867851695
287.13590452985557
287.1894998811342
287.4463935299932
287.2757000229788
287.367006206324
287.4730254646149
287.538767535911
287.5444126160993
287.5064184291376
287.57609785161867
287.57137351591166
287.91111270234296
287.76381542783116
287.86670253695036
288.2303120001524
288.1424120538405
287.8807751211228
287.95365131577915
288.1365529017596
288.3779012390166
288.0598747412715
288.106890781342
288.337734614377
288.1343132308839
288.2465789967179
288.40226890954125
288.3224749595284
288.4384783499138
288.4939416339612
288.60760885507676
288.82826606094875
288.63594956533797
288.69686179008613
288.7367927227754
288.73788100924435
288.85262683405875
288.9242446515684
288.9018623899103
289.0882612621345
288.9914220042431
289.0881544509713
288.9786096786722
289.2556002650023
289.31415265698024
289.4740858743872
289.6015077168417
289.3055849423476
289.43965781122324
289.4817543721332
289.49589467874773
289.5536603936572
289.80269525275946
289.6261709570287
289.66453215856967
289.9221131733206
289.95896084316564
289.9198896134338
289.949352238139
290.1313060852805
290.15891117029213
290.45288566796813
290.2233875635597
290.0739822292044
290.08475243056023
290.0840490582919
290.1922680637947
290.5087166544491
290.4408530801273
290.39086223958503
290.4825164366067
290.68354294200014
290.674508135996
290.6966703456733
290.9667785362756
290.9287701676961
290.97630417797757
291.10383068861944
291.1602378022395
291.3850624714313
291.1380975510874
291.32183167733325
291.50977229399456
291.63892777392664
