285.9459812803391
285.77887633456174
285.84873069501793
285.8460515812269
285.7356337493548
285.94014502093205
285.8500866108735
285.8490823644266
285.823168052927
285.87608079889907
285.90291153936397
285.8521481071498
285.93939450276406
286.03542676944977
286.01483638004646
285.90131760527896
286.10567459812734
285.98587305117354
285.8759237040233
285.94934927149603
286.10401364413826
286.03952938922345
286.1255347740019
286.0827290330124
285.8296164035412
285.9670165917541
285.9894592582403
286.00682761606464
286.0789555406427
286.1387726816546
286.03139722565646
285.9166451739357
286.42252297983106
286.302129892408
285.7831647804414
285.92503882859296
286.0412564033958
286.06538027710195
285.93595866352206
286.004153839022
286.04559902458175
285.8524294997627
286.02884663367826
286.20147028526804
286.16655727863434
286.0227492036934
286.08275503779663
286.1627698892198
286.0646402728151
286.1026212038003
286.3914337663833
286.2646740891931
286.23142057541264
286.03159655764523
286.2351773739589
286.35731581375023
286.3581274188519
286.21510291509867
286.2297661451889
286.01070369106367
286.0686779239832
286.193022569107
286.01588438707097
286.12314013790217
286.3084780075305
286.35439161916224
286.1516531380445
286.0898177345931
286.2176104077131
286.38225914704583
286.43238183871375
286.2117325843986
286.1389706261312
286.38670604738695
286.5439235525541
286.23322673483176
286.10964037081885
286.0830020074973
286.0756213717591
286.1156154222428
286.2210179851581
286.3375109632612
286.50880343571674
286.28329836241414
286.47297140707013
286.39890131454945
286.22507721068564
286.31029595005447
286.3039548853208
286.31372292890813
286.5671676806211
286.29521437684275
286.33121587811956
286.2299039446805
286.1177838218772
286.1755910221732
286.3056044150766
286.2386071131489
286.0546283212287
286.17038899620707
286.32760906352473
286.3094111589986
286.4021856813429
286.300782321908
286.06894102588814
286.27688662152093
286.39853273481435
286.1043664245805
286.29630638006137
286.41363898372975
286.4386149957574
286.3841314556987
286.4388297640055
286.58255240181177
286.25234938393356
286.0358005949692
286.2402362645591
286.2461260108777
286.13321557886565
286.2737899928253
286.37525903057633
286.2800730871608
286.3569376757817
286.26675824762015
286.29936637621006
286.28419249336037
286.22706873601453
286.35119645170374
286.4248591872805
286.5212312073991
286.53167943312974
286.29374772949876
286.3874724727916
286.4187345062463
286.55023422125237
286.60581746378705
286.4865345710007
286.6660325972787
286.79970237699877
286.5745566238013
286.81869404561144
286.93605648826053
286.44328370607803
286.5753862095329
286.9264335972685
287.0120773644261
286.91298184971373
286.83889647025063
286.9558372511146
287.2238280039201
286.94860255703003
286.92400652068136
286.93344598785336
287.10721116859577
287.2531005449122
287.12944964455744
287.1447766373695
286.990035586792
286.88261010878904
287.10077013405424
287.2722660279448
287.18498248556074
287.36541986320117
287.26418712469905
287.1845554065536
