287.326667941069
287.40225398213676
287.26307597193573
287.41171085949986
287.55075064272245
287.5547760534146
287.4643655022062
287.6788880972042
287.6540203233345
287.6861589869492
287.61828604877184
287.63984891886884
287.85822656366196
287.857730136622
287.70968201693455
287.6758964253996
287.89064396624497
288.06717774662167
288.0990550442668
287.8082993247564
287.79497563357694
287.91758675196104
288.1596448208282
288.15328420969274
288.182640236044
288.39424554405076
288.4139685205674
288.37474880100535
288.2800361110093
288.35133219095394
288.53366440464447
288.56082853876717
288.5426163164637
288.4633521279781
288.69559643365085
288.6083899634728
288.9421122687828
289.0801773428726
288.89888149125477
288.86716424304825
288.75680862465526
289.0138525980832
289.1411741181556
289.0671359441159
288.97400523803617
289.0078288534562
289.056364470404
289.0002806218877
289.01879053388535
289.305966067168
289.2783926782457
289.44240243431165
289.3923375318331
289.5737353295986
289.80662947044567
289.7384274159028
289.5305826522622
289.6987013700315
289.7737856536935
289.71796939275305
289.84239492383773
289.96782024530324
290.12128564616717
290.3169745252924
290.0696473826121
290.081714161575
290.2951797633998
290.52545468818636
290.3802811842305
290.41261126464576
290.56377939182966
290.6345908039939
290.9017325042056
290.80161650786704
290.8016769784414
290.9593141858974
291.055936941862
290.9280889896783
291.01828527901586
291.26792205023764
291.3588622278983
291.0860964150631
291.2531133171282
291.2789284224192
291.65889894227126
291.66086643325775
