286.0889982332746
286.19294659121556
286.036422875756
285.83280817861066
285.9639712892444
286.0188481781731
285.97117714046664
286.0801909971244
285.8955519782369
286.01140820301464
286.06572079916066
285.98027591339496
286.1139049825617
286.06003513976617
286.00245319756164
286.12249159856805
286.111191243567
286.1162540284644
286.2580450024114
286.28879006614886
286.24428749553107
286.02499846763584
286.04908462439624
286.17466176852463
285.8559193420009
285.9041424971933
286.07283905926494
286.0516609974654
285.95463580658435
286.0290285980909
286.1959849344073
286.3816329590106
286.09788512004997
286.05620858866496
285.68115358954554
285.88899241160885
286.0869996044057
286.08307166814734
286.0124565692571
286.04579442425745
286.11460920130736
285.98867852891294
285.8994266075533
286.0735577411388
286.1995742994619
286.0003177924365
286.0247236943118
286.27157486532616
286.5490223765267
286.4606137811595
286.2898375476501
286.2699372597359
286.3882699817602
285.99739670984025
286.05358837200134
286.1766002267019
286.32222364215215
286.0678278308591
286.2159448406422
286.19070177300785
286.15303499826325
286.01594068975265
285.9381940840238
285.9225482184067
286.0556720304009
286.04689978440445
285.85436830868554
285.90734446758125
286.0888187785342
285.9322713079836
285.9670845097588
286.06871396792485
286.23157011559306
286.10452458496314
285.98019384308833
286.0260621242416
285.96541951895955
286.1463665678167
286.06239596815703
285.88231074444155
285.88571443171884
286.0877911549905
286.187163937011
286.06545707512953
286.01643810717616
286.09416096628195
286.0222713040869
286.07615620631475
286.24772692339934
286.4693390693217
286.11767928372717
286.1744568060919
285.96939596311086
285.76971734467577
285.8844102754247
286.0645314897643
285.91106086653235
286.00722850880373
286.0849577962339
286.0047549218642
286.3657042974669
286.29376024668727
286.0557351563828
286.21237821957936
286.1308825178876
286.0004595860691
286.0612903477745
286.2837097344518
286.0201202808623
286.05194088028105
286.0450413640561
286.1596859160299
286.07294411338444
286.27376021573014
286.16525526581813
285.9618303557979
286.15508698121306
286.31624796753516
286.14469345199717
286.18984386283034
286.08352539489
286.0755146215541
286.2500577786948
286.138575212368
286.18229029484326
286.1464951555386
286.2229200634849
286.14513991875145
286.34142046046145
286.26766645648627
286.2769289071745
286.40403408540806
286.69192007125173
286.4545442485758
286.38994411697894
286.28567123471686
286.495756505976
286.47159123105143
286.38810009165775
286.59257912900455
286.60555424762697
286.48818510079775
286.5231336514261
286.5972239892974
286.4286357388582
286.7151764151359
286.8233567202722
286.98349501427197
286.7852792428755
287.05445422581374
287.3195719862617
287.06480443537043
287.0646295777362
286.92434855765566
287.1072787206787
287.40659401118097
287.26375874719156
287.1998380151069
287.20117207918037
287.1287571741993
287.29245126200146
287.47855626276896
287.3942099764312
287.603319618746
287.59662696358475
