287.2390912068418
288.1045852412083
288.5556322340171
288.96949728805276
289.19319662258357
289.42744061730644
289.5530445721426
289.63365947343823
289.8766673744088
289.8636240419851
290.04495998747365
290.2398989648597
290.42808432212104
290.4344755235035
290.59243289957084
290.825079960258
290.67630270107145
290.73626782350783
290.9116282994631
291.23291607725474
291.289387632977
291.23939494769235
291.29643659614374
291.3587852403773
291.3368235501067
291.22149997306894
291.4285182203592
291.5424137601218
291.56474801614127
291.7871201373088
291.85551173289434
291.6218196413911
291.75338980320663
291.6836816589515
291.626165480247
291.62837285011784
291.7220578779204
291.6988306418083
291.7427825484232
291.7620184083079
292.0204145865218
292.0557977890379
291.8433190660057
292.0274903035633
291.99932118413255
291.9006482779553
292.02239521884144
292.1271201552116
292.0594606728152
292.0634227869928
292.05003837310295
292.0538841337141
291.9149418470617
291.8969692391359
292.0107003461095
292.29395996776424
292.23212955830525
292.04564070011315
292.1643817977362
292.1941465080952
292.2530099446414
292.4457050224645
292.3133345808962
292.21554168794415
292.46540270263245
292.40345992045235
292.25490241848047
292.23706741905886
292.3315589128282
292.5201451535084
292.6055244091861
292.37444818805085
292.2376746827232
292.3282559707753
292.7941607611915
292.55858988131797
292.40335218383694
292.47039531324623
292.6596152073924
292.5709662991268
292.3091908605319
292.2520586884864
292.608715012539
292.68491355141924
292.6082692914623
292.5790417659835
292.55666756889735
292.7084619160629
292.67463310427246
292.4702527955424
292.53502428777557
292.6409331611613
292.8274758451129
292.86157906090125
292.7060207972483
292.6987775805355
292.77064824075416
292.7871924723568
292.9086013837713
292.77113843702466
292.53896856368294
292.73865263324217
292.85873958619396
292.7204978122119
292.63063012461106
292.79256441217615
293.05255278324654
292.90255266443444
292.70677489987645
292.7580491815466
292.8622343426483
292.92067228189956
292.9530726771089
292.69407195676814
292.9381864151771
292.98143566353326
292.8936397917411
293.20847546478296
293.00492296304014
292.73167964158165
292.8395847064191
292.91794548012746
293.0465818428648
292.9927298753262
292.7599394313407
292.918826760617
293.0528883118959
293.2215624082117
292.89115724958833
292.8309531173008
292.9426682276017
292.8685033840067
293.00042834453444
293.24016505883657
293.0022020887343
292.8432675238769
293.1587368744414
293.16643379565824
293.05429000043483
292.9125023965595
292.8738992582539
292.83334092623284
292.78767861274207
293.0530806227136
293.1847506276208
293.06396684222415
293.0394244260207
293.1836148858512
293.0783963542243
293.0966923850884
293.32351582662284
293.31118478293774
293.2352452511474
293.0256884026201
293.1041405172467
293.11428208760594
293.232895150261
293.1925154610756
293.0810867666621
293.10748225673024
292.9828206192473
292.9186341865403
293.02907764483825
293.4149158548813
293.3395952389134
293.15895086468754
293.1951806845063
293.31912261421473
293.12896973304606
293.10338282143283
293.19475823799576
293.2525519478769
293.1896322296929
293.0602802549084
293.36347596967533
293.3412004605284
293.10487200359273
293.4286973463186
293.4955105175344
293.3151839571059
293.1528555369216
293.3673770995228
293.5319744390641
293.46459431671093
293.3370207073862
293.336843103297
293.2967746178603
293.3232542508348
293.16163632395035
293.2389937626693
293.53179070469605
293.3868152113443
293.5094126333663
293.5162557206052
293.2663085771868
293.6469158180651
293.54217768037273
293.5259861434909
293.5719043916785
293.41461273206534
293.53926551866294
293.55404417150027
293.46825280611824
293.54253980013897
293.43762478494347
293.4872193926932
293.4599979626175
293.48185516857734
293.7381979613193
293.5790633532456
293.4768197225461
293.6383760275145
293.6015882575637
293.6409838149029
293.61701169966284
293.62629728012894
293.6302020856672
293.3619430633532
293.5452374568023
293.94242029879416
293.64786309881407
293.63310009599036
293.7892412230756
293.5803259042777
293.4861649057367
293.74419229143786
293.7901953469492
293.5648597134678
293.38073850741495
293.5446006548266
293.84414693315716
293.7425447717576
293.6531965434698
293.7475128595057
293.7585165373038
293.84547266156454
293.6332620290714
293.62822216302897
293.8550831073655
293.86312000409
293.74430323164216
293.76062098922
293.87041257591784
293.8525375218397
293.6572763137586
293.85070048943453
293.9199561972787
293.8580670617269
293.7236309866028
293.7362977674304
293.78110725036987
293.93114595641896
293.8343438469017
293.801655490993
293.833479845553
293.7095115390846
293.9737731784491
293.89428004607913
293.64320895189366
293.68997198615864
293.7069868989936
293.88835465265845
293.8157329595857
293.6367170850247
293.84595680991094
293.89263359192245
293.74753688340905
293.75987445623525
294.0870416446465
294.2749016510024
294.1112496747937
293.71525714787913
293.8564078580494
294.06787340324354
293.9695697433221
293.89075194316194
293.7796895784561
293.7566458492422
293.7041483347864
294.19506022360673
294.0453243915366
293.77150422625925
293.9654838875535
293.66619876733233
293.6825161407126
293.9909872805901
293.95653443738837
294.24096829999854
294.02605319655606
293.93645177882837
294.11152467156796
294.07749103340626
293.980050957298
293.9185168030286
294.18530810690385
293.8107059554117
293.8607935563822
294.06362911685375
294.0878073507497
294.26371855447417
