287.1833412188056
287.34667945952964
287.687404183608
287.51163340342254
287.4005375067456
287.4169552787346
287.59289270330106
287.29642561158215
287.37538204938585
287.4560101778992
287.7276481183527
287.66759281062286
287.65301358651544
287.9117414866133
287.9451458408479
287.6798831473514
287.5081279781403
287.7410706298249
287.85249735907814
287.7902464115367
288.1029851317733
288.0225701042156
288.1162993804865
288.28738580208784
288.35563785955765
288.3260368966818
288.3838506030447
288.33790885904705
288.24010722681106
288.3225541948094
288.4564571997224
288.6553490349077
288.6968610592048
288.50994052629227
288.8143279729292
288.78969126847113
288.9593878201506
289.018080574287
288.9657553205951
288.86595702633787
288.99324247156284
288.9513488580551
288.868780686854
289.07669874072167
288.9669197555196
288.95044426151674
289.1068231027306
289.32167620065235
289.4982541334467
289.2434528733518
289.3543594265881
289.55789333602377
289.451705736485
289.45085512272914
289.516259545739
289.36751638129556
289.71012552637114
289.8736024974215
289.7326362566183
289.8120384821545
289.960737962457
290.1511282039972
289.9576176050887
290.02222929505234
290.20979621851905
290.00206976081284
290.1257221011538
290.321875464215
290.34827204050913
290.398170515566
290.68228615172853
290.4028107254855
290.26295389681184
290.51592833898445
290.70034010004593
290.850400232413
290.7397607561189
290.86957768546046
291.2542900080853
291.2026791111666
291.12897167052535
291.276361328667
291.518655300628
291.3307043230786
291.2682283698324
291.4025948778054
