285.9474457262086
286.21770907814096
286.36062050350034
286.0248729593664
285.999852011957
286.06076832288534
285.86434129584075
285.96833805029485
285.9609938264924
285.9643877348151
285.9940565302839
286.0811258909876
285.89020309233166
285.93139366276444
286.0687806122665
285.91752989896503
285.85086472119167
285.8004412936035
285.8590328960534
285.86956894454374
285.974094867276
285.77929049730375
285.81119791492773
285.9775957718782
285.94862458085476
285.9727275018642
286.0222278668525
285.9305216334897
285.91250465087086
286.0142927918143
286.1423470830781
285.97382224965673
285.9241613542212
285.99771599310935
285.7255888582873
285.8905523692888
285.9249955951449
285.79467709853304
285.75037236815757
285.91067992370563
285.84679324842875
285.5061521603604
285.56782901416614
285.9329245984296
285.90924772800554
285.91826760868565
285.82535359856666
285.8550801708978
285.7036838805182
285.92503002754125
285.9665515987998
285.96271206856414
285.9173223022763
285.639895141941
285.8188450662652
285.9956960242828
285.93789183626615
285.8920413219934
285.93337795012167
285.77139419695396
285.9598822482153
285.97502208733704
285.98369281966603
286.06059806848083
285.8110506989933
285.87839670944237
285.93266316470084
285.9904161374902
285.93422123125066
286.0700801709804
286.17598583985944
286.0520869949561
286.0428470010426
285.9685388543489
286.20468947773156
285.95553616503776
285.85121305636534
286.1253429130848
286.1393287721879
286.11038532409026
286.18598015369804
286.17490207459014
286.15705017725946
286.14465007860184
286.13570923707255
286.14675737655074
286.4455140280921
286.2326837356331
286.1612141552487
286.021597208436
286.2487941144793
286.2933148606806
286.25552031467055
286.31728695485856
286.3749034073245
286.24759432277534
286.16372075675616
286.28799674090453
286.4543351896531
286.2234837655788
286.33191865413505
286.3182281165458
286.46279643662973
286.40726613595655
286.23946549954985
286.2787399311261
286.3658451233388
286.5181711154153
286.5979778674128
286.4118234866564
286.3667862629428
286.36203259543134
286.5330400397214
286.3760252563239
286.125733624697
286.15979758450294
286.22750000954716
286.39862259282023
286.3598051796374
286.1822745813279
286.21023672844694
286.32248021621643
286.4461583438578
286.3546419098773
286.6405682391232
286.46911113754004
286.4147395951942
286.36787340793103
286.45065206342565
286.5670970425455
286.8175878577532
286.7848371725401
286.53527951798486
286.6968490728248
286.513740616909
286.65658675749944
286.59667067207585
286.5333631842738
286.7807077849091
286.6796392502313
286.8300335634789
286.6838340590563
286.6452631251613
286.7729682986829
286.44339289587066
286.5755256173059
286.64357096463925
286.7565071923923
286.86405344341824
286.9387187504575
287.0979836818581
287.16684345608473
287.091576245392
287.159432927534
287.0334090516353
287.0680297579677
287.2697375145495
287.0706802396348
286.9358309864026
287.19214898424707
287.16988040538286
287.309598497008
287.295750658512
287.29523066766666
287.28359637485767
