285.6418988180963
285.8279096780917
285.85255269587174
285.7957293013971
285.7095827305698
285.666822189518
285.804831922377
285.8232919328208
285.8728736310455
286.0140405781182
285.8430149235435
285.8155170961843
285.7050722541952
285.8111735823609
285.64023841765436
285.7998188312838
285.88895176242903
285.9097732455845
286.03998295688206
286.1257329352225
285.98428521498306
285.9456260606284
286.0932964891586
286.12851521247234
286.07899395141646
285.9566372862867
285.98010343545855
285.94861394250313
286.0659441799727
286.04805224849986
286.069730582288
286.020019468788
286.01744684779476
286.0805933115443
285.5363926258884
285.686770389319
285.9290374096228
286.03843783711693
286.0069950002021
285.9348285565973
286.0095074298724
286.18371536952304
286.0373527960206
286.2149060542105
286.16729917360493
285.9049549206726
286.1307128614776
286.0538203167049
286.09635165172926
286.30433931458435
286.30017917628163
286.08651094724235
286.0290215290891
285.90244585142426
285.95059729085096
285.89343825804264
285.76963640864443
285.8204729347735
285.91028660933364
285.9098612970751
286.048861324213
285.9397988260211
285.8739183200252
285.9435195769579
286.0203549570796
286.08693516110685
286.0686769076734
286.0688739978082
286.11932176959806
286.2722132172658
286.04464324436736
285.99297483116186
286.1055856209402
286.07049938893556
286.01553911097204
286.1934453614563
286.21525877655563
286.14761027156067
286.18117163208524
286.0158598556298
285.89580795886616
286.0451412370737
285.9231910634478
286.05721407099475
286.18368120644607
286.215443680705
286.3900276089926
286.1855979345728
286.09712687293353
286.2609424346374
286.3372874023458
286.0898024346287
286.1991001229504
286.172014462175
286.05274937446507
286.10641095486983
286.10133147445833
286.2505557129237
286.2486374215924
286.4625204562704
286.25044795849544
286.22287986702685
286.2293171103367
286.35733721128116
286.3352201257884
286.4972697201088
286.4677506178128
286.27297779623217
286.1525399267454
286.34244085414184
286.35961204650135
286.2547435674626
286.3085096343361
286.25558679693125
286.28257666655173
286.2884620369738
286.2120437889162
285.960220371015
286.24489838005485
286.2854383972733
286.43335165971075
286.2505286111574
286.2727879233286
286.3882854237968
286.5947763489698
286.5538065628782
286.2832562770305
286.2727738556801
286.4495249471251
286.29348375368056
286.20423082542146
286.4926513479008
286.5290628654603
286.3708917784783
286.4742336062777
286.49321861313126
286.64067650172217
286.7370450279209
286.6103227830451
286.61655741988204
286.76321062453286
286.68266823019843
286.47231149360545
286.55486452307474
286.4623887630773
286.6560151942644
286.6263470255209
286.6551300677246
286.92795879129295
286.9353283765296
286.92495145738144
286.7689337244306
286.84656240387346
287.24158609430424
287.10641529208885
287.0592308165965
286.9650534370955
287.21843400006964
287.0775759925555
287.1981059822919
287.1783701282356
287.1566280998199
287.0153208047822
287.20023861726844
287.27370668135336
