286.07492503565686
286.17375660338655
285.84811618633887
286.02152627002766
286.1830119123804
286.1279898524733
286.0114626562094
285.9963879052067
285.93343943671164
286.0156782483016
286.00711553169276
285.91811318731794
285.86906815343167
285.9235789795528
286.1337037676677
286.1436860532327
285.97709054143616
285.94651200663134
286.0456820082196
285.96445670100826
286.08628881456457
286.2764740177508
286.1448141030746
286.13820598263055
286.0735397261085
286.1509502050474
286.1148103971194
285.90473009900626
285.84432377403414
286.064380251951
285.98073260999365
285.9505580267373
286.18963748881845
286.0496912090365
285.6923354015373
285.6357292327684
285.68365150225685
285.87948635512134
285.9764019126309
285.84351786455926
285.84703205839435
286.00224378761203
285.99533666032926
285.83361064718576
285.92322782827193
286.13431874961753
285.99573235339386
286.261283785155
286.2197986731286
286.0765750119659
286.176845413746
286.1937743753669
286.0347609658508
285.96373167737227
285.98205020007225
285.93758575901035
285.933108053749
286.07099877744554
286.0141684161214
286.03621237424767
286.08608672416045
285.91977458313437
285.86624037935024
286.05922516596945
286.04744639744985
286.25862252181616
285.9919992159651
286.03320614036426
286.2434632487134
286.30274206669276
286.01148608470953
285.93912839229216
286.1712640951241
286.0963491853094
286.03153203144046
285.9700510884579
285.9191705424458
285.97735672721933
286.1515512629042
286.336313478219
286.3350975301737
286.2032788995317
286.11753764033847
286.11761371674436
286.06758773384837
286.1258951894618
286.19649254488166
286.10104103241065
286.1866863090335
286.4529889901268
286.3951229558699
286.21830385210205
286.2127643496076
286.1144113380505
286.16835572271987
286.2735128353355
286.10665386510954
286.26104745750087
286.4950157157501
286.3612366540575
286.2790194662136
286.2771594535997
286.1733606842353
286.11717931738815
286.1667913638496
286.2329501769186
286.25374326693003
286.24295919688916
286.09412602446133
286.14907776774174
286.27507377695486
286.36738796360726
285.9749345842261
286.05655120377924
286.1568785726341
285.9595602756681
286.03172365392163
286.1437182738995
286.25606711791903
286.2702293596958
286.24547435132587
286.0310895340057
286.09328569928664
286.32943294833746
286.29885943835563
286.2599727671363
286.3119939268958
286.25666337716365
286.3813732104051
286.66832379217067
286.47119916608284
286.30222178019983
286.4538476320568
286.27008750651544
286.2475626283265
286.4517591267937
286.5617447581683
286.4514907554112
286.5551110578233
286.63603398951125
286.4721292460365
286.5386680323733
286.670778191503
286.6140246115814
286.7973225152356
286.8131770064981
286.8307402558126
286.89989586664075
286.79400320182384
286.9142325778001
287.0353096867042
287.3492206670554
287.2226228567668
287.15993632283636
287.2384432406497
287.2492547208393
287.1951689882292
287.2832202050004
287.23502340568473
287.2015955985514
287.29574863548766
287.2281488997717
287.2737784711133
287.4117975234573
287.2806700087088
