285.7950509661056
285.79152585475975
285.9070861259992
285.80654326388463
285.8649497024746
285.83802762197826
285.922315457733
285.9510948867882
285.8794038163926
285.9476326067246
286.0770898719267
285.64881641763077
285.7507476162459
286.03077052672614
285.93701251870016
285.89956666021607
285.73011982119186
285.72101986577127
285.85473129830297
285.83277764676467
285.6809808605252
285.59373451372056
285.7633380911618
285.6245870822341
285.731382732258
285.77041556926133
285.76778594661744
285.8028978970526
285.794132134888
285.95170609160857
285.87979451508454
285.891548829634
285.81156499515174
285.7273915057267
285.44350718062896
285.4217060916262
285.6300176129917
285.70011510793074
285.87384411068825
285.9207463266689
285.7858883091301
285.75282119254047
285.86692641068345
285.6556753962259
285.8138320112062
285.9009836076833
285.78183247464807
285.8135018116458
285.77868145937566
285.96333621790325
285.9644560441589
285.8844310353388
285.9103228304348
285.8019925796102
285.98051106246686
285.8838589601694
285.8901088029922
285.9115875368947
285.9818542743913
285.97396156722925
286.20810152240824
285.95038421310977
285.8521859472184
285.8642587259608
286.17723932524814
286.2506844460113
286.1484272454817
286.06926036253367
286.2045673318598
286.21175795765805
286.17103727695616
286.0868331406308
285.9089603450491
285.9424984757901
285.9278591671412
286.0932166634195
286.1384469047113
286.4049278587099
286.49275859934943
286.3214505843463
286.1737784560715
286.19487546811837
286.1984849960018
286.27500893935144
286.1757778754044
286.1200052368702
286.18486465617684
286.35971264370966
286.2019719016096
286.1135343613279
286.0301138667639
286.25508211113066
286.2643468697811
286.51008231341797
286.3895563666138
286.18546382592353
286.3185710994264
286.26092999238296
286.39855544469964
286.3110896088431
286.3896501806958
286.51095610217044
286.2543115092227
286.10069999326555
286.31701976189385
286.27190021500644
286.3610904260432
286.43835902150556
286.4504848560352
286.09876331952796
286.2417783311019
286.41687089769454
286.2761044147916
286.2270049325862
286.2619165474922
286.1651478606995
286.23124203186086
286.54854307029063
286.3213149630994
286.33592404755194
286.39538150781044
286.4012343968087
286.61044329482166
286.5991639062639
286.4042051295699
286.4821041970986
286.3313975224337
286.3942101634162
286.4296165335087
286.4078480354655
286.3340453562674
286.700855983041
286.62352166999244
286.59698450007096
286.7857234067527
286.50764569347734
286.4543420703619
286.483387121636
286.6773064345554
286.8407334566884
286.6771259466618
286.7312210674378
286.59281613915164
286.4173612047275
286.44224964640017
286.59011937360896
286.72745423314785
286.9179570337803
286.86597322336803
286.9551681677108
287.0137272493375
287.21455332712355
286.95850388595886
286.8633814173246
287.1283661182814
287.1196764560546
287.1405171685868
287.05509094456505
287.11089980934065
287.15678539575094
287.3174174243126
287.5190482209494
287.12815303510416
287.28826696584986
287.3056246179332
