285.97453345500986
286.12664603198107
286.20436703275124
286.188348170856
285.92669635215793
286.14874326184935
286.0876830659159
286.15691238856067
286.02876906835274
286.05519521701945
286.2373409404438
286.1719307129433
285.79709151761193
286.00228168054423
286.111107196103
285.9625693188336
285.93130374897834
285.9414639684278
286.052589958508
286.06170956897137
285.95595831760346
285.9397033201725
285.9295473703612
285.9998866593706
286.21140897978756
285.91859864733834
285.9876929857558
286.14462944409036
286.0403031847833
285.99885037910195
286.38088703370926
286.21694275440547
285.85358150129383
285.9791585271364
285.76293624834346
285.81479847073416
285.9167697720614
286.07380514088527
285.9563814559042
285.90319088043805
285.9602782690292
285.8547901495929
285.82637759430827
286.00103493730654
286.2361672499477
286.1804628937653
286.148710902123
286.0216952435017
286.0383090854721
286.2513514952005
286.14974473297036
285.83120289402683
285.82798908789914
285.74029451474803
285.81750101259223
285.7724081314528
286.0406904303643
286.0799006534421
286.15016619023226
286.30726805699163
286.24995980417935
286.16935625473616
286.1529087856986
286.1502995299925
286.0049382914225
286.09873741131554
285.99868352682597
285.9105312492666
285.9171341046665
286.09771901570457
286.17156870835396
286.1805485017908
286.0332217784049
286.1264797445132
286.0754401071676
286.03658621897654
286.09287115045873
286.4127358985337
286.2281636585153
285.9984272965848
286.13996789258425
286.0476189466169
285.9645200685752
286.1707763221837
285.93625831358753
286.0986241321035
286.1463112212698
285.94986193638636
285.9368279405689
286.0811964277927
286.15943523028307
286.27234518978656
286.2146964029329
285.9956380815827
286.09129107145924
286.2728136187655
286.0792286999831
286.18233211504736
286.14727538768847
285.95392445893094
286.04459008179276
286.06554691672886
286.1050903210552
286.3222624580727
286.227189061182
286.20424221503674
286.31105919203003
286.29370810928214
286.3367513324196
286.4002958413868
286.1738848673846
286.104613113396
286.1613101000146
286.1859076781281
286.07679687084016
286.1902630980818
286.28873876268443
286.3649466563927
286.3771087200553
286.31882867544175
286.3243378607697
286.3566041756534
286.3642704035644
286.39948225959245
286.26103750295874
286.4392221746175
286.41723826457235
286.21501511279365
286.27725216365263
286.4105916595194
286.38795835325504
286.3356987339798
286.3372501974467
286.26342957001356
286.4992924636025
286.57138655639585
286.59435739394183
286.5541931973456
286.62007487878543
286.81165714471655
286.71858209326433
286.6921896129719
286.4392783246786
286.418774828166
286.5790451843275
286.80011861489595
286.8191163673176
286.89903285120727
287.0840736014069
286.80047977109683
286.8205639400066
286.81056627851103
286.7608716097223
287.0252493704028
287.069722789063
286.90701671152715
286.8414931228402
286.9016732796168
287.16219662684733
287.2533536489873
287.2272643915315
287.3005185794957
287.16354709372786
287.265570556623
287.28983469241473
