285.7099395291759
285.6760944747116
285.8457605418083
285.87122043756017
285.8165374681144
285.77498268040966
285.7203807575064
285.7369430785334
285.8494651326317
285.96606148518515
285.8187866805998
285.68411483464394
285.72552916319563
285.8974725512351
285.702564731816
285.81324880028563
285.6900952577037
285.9869668964897
285.9626298432567
285.57614326410044
285.75611528036444
285.86064959117186
285.83506725014854
285.7758089077041
285.9149013152919
285.95212913886127
285.8031291355577
285.65065443543205
285.8283294326217
285.7398199688531
285.7774368982016
285.8623699664843
285.8879083990902
285.9468811861914
285.6758711034344
285.8165286594541
285.77512333414455
285.7498042063619
285.87401113798694
285.9082624867663
285.8016839235858
285.8373451199772
285.9951499554056
285.71403588883976
285.7565645167885
286.1308484600823
286.00920726901165
286.0429783915092
285.8822381504659
285.79882894519767
285.77193582283405
285.9975714313963
285.84697915465335
285.82100358964277
285.79424577531245
285.68720786168683
285.7410011673523
285.9092365573009
285.8062722979092
285.74282695917356
285.96908741257414
286.1348053611582
286.1449960991694
286.02185316766656
286.00052178258295
285.88105010143363
286.14903509921896
286.1880051102972
286.0498348627123
286.0320676318839
286.1675325202314
286.18459726472986
286.0866401845377
286.08098281593686
286.1502972190255
286.2241999954562
286.32138883940047
286.24384470870996
286.2573450954708
286.1049981370912
286.24452653938
286.3431481383344
286.37957169683136
286.32084692189994
286.35617093333633
286.2460891101197
286.1889235913127
286.2483972642251
286.4141307770976
286.51994144931626
286.54262277729856
286.38614831732195
286.35564197506466
286.44580712638407
286.5876240011816
286.3868062153689
286.2571246148713
286.3081756393903
286.51979984581794
286.50483296482264
286.5771202394507
286.3390104360872
286.4230603926268
286.4393364792653
286.44254198660167
286.5107621510658
286.3567324720302
286.44273529801023
286.47975624383406
286.490271413578
286.43424636039964
286.29553959569955
286.38412825381687
286.4065302045313
286.34257729878857
286.15249995989143
286.36797800818573
286.4406589194524
286.3757147285938
286.57952916274763
286.5419080062571
286.3266177458353
286.41455659080617
286.34505311064686
286.31362572589455
286.31707784573655
286.32780790502466
286.5436630830154
286.7008419480399
286.4359385989639
286.66173582380793
286.62648795813016
286.70009647447984
286.6619827236399
286.5075397841245
286.4677215526071
286.4343664774862
286.41156520315513
286.60082757784784
286.90670197164343
286.6925156905559
286.7159397188748
286.54951330252095
286.5249065563303
286.42479827286195
286.65054736899174
286.7092515663033
286.73880864884256
286.54933314906856
286.7397206457099
286.9952494017507
286.8998219387555
286.8971923239823
286.91295465543635
286.87128820456593
286.83012426826167
286.90575148350894
287.02866151563575
286.87030113896134
287.06416344238363
287.24734134049146
287.07760608365385
287.077353832862
287.2650800566051
287.3187298040443
