287.19151607564544
287.30253316521413
287.52114726239137
287.6052848937362
287.46154208331245
287.4281700698747
287.55788395998013
287.57100086584796
287.6933606624247
287.7465282083112
287.7506765738384
287.48094322112894
287.43066646337746
287.58446323199416
287.6096361438479
287.82737661989364
287.86977920352484
287.79336224967426
287.9695050084107
287.9307597881284
287.9897970458927
287.84533496448233
288.0719449476721
288.13873005898006
288.03317270609153
287.7713757730357
287.94324389659243
288.0793832027451
287.9640188824773
288.1349724725837
288.1569494976268
288.06354398592987
288.2385592338926
288.2733912631935
288.2795165752447
288.4374241314717
288.45107288305405
288.0636131780021
288.1380297864177
288.0604349044749
288.18846187264506
288.35265655747213
288.28874301325055
288.38536155780594
288.3002218926358
288.1491046800981
288.15177206441217
288.34590268521396
288.4253246922403
288.46263658387244
288.3289930221416
288.29066119762695
288.23519788406503
288.24967159839065
288.2517188975355
288.3929589646206
288.32828466191523
288.18525476983586
288.3004856561671
288.3458699201101
288.27376251508605
288.52355821604374
288.5173873230769
288.2426103898587
288.46278836694245
288.63226737725233
288.4540038651967
288.5350059479227
288.536341496321
288.436579352118
288.2653572838119
288.1904740677501
288.38471778637137
288.48885405839695
288.3443604757609
288.2331632326621
288.152276167784
288.1133335616514
288.311806202599
288.30839519352196
288.1933061329236
288.1232123339153
288.1547200212625
288.4107241836136
288.4488386733572
288.29373752227116
