285.8943669760488
286.2359432527557
286.26802754278
285.97775021331597
285.8592353573871
286.03999423937734
286.0208316018007
285.8682908325133
286.15128983631394
286.19976215782896
286.1504516287416
286.09043794503316
286.1419364061515
286.24581111564794
286.49073042855593
286.3918541933273
286.399324955121
286.3221342741361
286.4659003878106
286.48539212761364
286.39121800230436
286.5809481583952
286.6666702871348
286.4721046962994
286.732692971974
286.9850642727683
286.6278901438335
286.81884156852595
286.99037488886853
286.6739967236246
286.7441286605633
286.9600499218027
286.7015573550973
286.7857263090235
286.8567899488699
286.78934772898225
286.66619695743293
286.7612415135246
287.00872990994503
287.237183989779
287.03777222011695
287.0028008558294
287.13345037257477
287.0630166069009
286.96035198009304
287.0801159973032
287.1450662291876
286.9315344206092
287.1156547467783
287.29149343644883
287.27385952332816
287.3062477441568
287.2888468138798
287.2651951185718
287.39241120238495
287.41052535686913
287.5334175519431
287.67935963711045
287.76299814943906
287.9227993704807
287.7349294313599
287.79258108793994
288.0879485579352
287.980716069023
287.89784008446105
288.1278874961449
288.16679520287715
287.9966110943048
288.0939573299222
288.1218774201789
288.1760477441779
288.21660186231446
288.1101835015466
288.4031815255087
288.4354067406506
288.48271883548523
288.51265883155185
288.44564721809644
288.40876637463026
288.64845247406384
288.71679627743197
288.60649131634057
288.58937361527967
288.6787175252252
288.98247851827887
289.15112399237483
288.9649228220519
288.90165617245174
289.18836908708795
289.1224028933257
289.1001249016287
289.1703492523068
289.13529926744457
289.19825976413307
289.2598477923806
289.42447902514186
289.2067162982512
289.39197932229706
289.592284228218
289.532814557201
289.6040584669342
289.42610587689876
289.63354881239275
289.6502545849945
289.658208498337
289.78072031614636
289.80562750305864
289.78514788294876
289.8575116105839
289.9284654767929
289.7934173402083
290.04926353300846
290.1280579615046
290.1574496300271
290.15409572756613
290.4276972995077
290.30593648312123
290.3183808274538
290.6386272539872
290.43129619429453
290.3794350171749
290.6069869114566
290.6867835309818
290.54507976976305
290.51024370237735
290.78364447428174
291.11922579834027
290.77498226187004
290.81552100862353
291.1450647402692
291.2347181733075
291.15291610196635
291.18734829835887
291.2369354448812
291.21042294868715
291.433867514002
291.39070320115474
291.55783661407787
291.6412543058593
291.8060325347208
291.8657033164497
291.9173026138464
291.82360782100733
291.983533486386
292.2108109138003
292.0977698191543
292.08181501868404
292.21427687407726
292.4599969044072
292.37864854236363
