286.08859045197323
286.1041770305092
286.0307575686628
286.06857106414884
285.9403596234504
285.91321087824235
285.820213656743
286.02361655266895
285.8532683876532
285.8867591373684
285.7628904400353
286.0464514262213
286.0495796911066
285.97792649443966
285.97395267521676
285.82954693471424
285.93578397412904
286.01231596076104
285.9184214206008
285.7506579326223
285.8943669760488
285.9622530562252
285.99642498191986
286.19095643017124
286.1777603306003
285.87345059522636
286.0464772132743
286.30272235866113
285.8838257833719
285.9175322564424
286.03576272830907
285.9016618493682
285.73046225163205
285.97943079212325
285.9475279603228
285.90728470459544
285.987511329202
286.15537760054434
286.14740539968255
286.04070405517695
286.15791629502183
286.08786520277107
285.9273316665391
286.101044730921
286.33180015473965
286.2041802246688
286.1167270029362
286.05303791367317
285.8330870754746
286.00915421759584
285.9367315958674
285.78467685203555
285.769822885198
285.85583831217275
285.82519507831233
285.897212471123
285.93092091763583
286.2046592320803
286.1368843107901
285.87689551758814
285.84399178377953
285.8286872415238
286.01906953542976
286.0475498305948
285.79078771528
285.8667379011242
285.9474797956374
285.8870093213715
285.7481675083447
285.6920427566825
285.7311886722558
285.6474520473481
286.0059006978418
285.7728782335933
285.94163980843183
285.85947530779606
285.6491795352264
285.79211080309625
285.92723857430235
285.8026547259527
285.6877212864523
285.58075080442114
285.7698170830796
285.7591119571854
285.7067740478853
285.6655193456101
285.56132878368663
285.754424101668
285.9562952390093
285.76172034999865
285.5584098579882
285.7687292726456
285.7068451224037
285.86200754493
285.75343968036424
285.7199196691523
285.85706567043263
285.9889741991919
285.7662539454473
285.74510181124987
285.7160408204623
285.76202701336314
285.79850129518377
285.78172647921906
285.98376556695496
285.79443281351956
285.7512333342361
285.912914851847
286.01877238168436
285.9910833988998
285.9099507140721
285.82916055778327
285.7505105860584
285.7333856520733
285.8625091012555
285.96416796044997
285.8751330156908
285.7681082933213
285.84682610029495
286.02291991125924
285.8005408664725
285.7680884703695
286.120977023775
285.94301633664134
285.8293691933872
286.09808357280417
285.8726769163699
285.71091869623234
285.85625089549137
285.90259584480924
285.9266874068495
285.6312289773871
285.6667123801596
285.8039726240607
285.80647307395407
285.85180707835224
285.8147623648799
285.93681612208303
286.04036828278623
285.92521688758444
285.8002926461185
285.7632289430315
285.8468004613474
285.9762211672588
285.98898825043096
285.74420601120187
285.72658137726614
285.88715094470643
286.0220280179135
285.7881588498636
286.0348227900536
285.788448466385
285.62649734754086
285.7137619301235
285.77007483810206
285.64955619959227
285.75599542018045
285.91219702704564
285.78298968610466
285.8466029385762
286.03637227333087
285.93760704901354
285.8550895216134
285.6497877177705
285.76622036670346
285.8180096319003
285.9878339899073
286.1430557589042
285.89872451342364
285.72046517986877
285.70884422971443
285.94748934473364
285.7494340139715
285.77168462519023
286.01589443656377
285.72180573937726
285.72131641713827
285.86804148960823
285.88901998680717
285.93429257701086
286.0022247413232
286.0527577233137
285.8548901813793
285.76904510516863
285.7634152185356
285.9260704521153
285.8366851978646
285.77222972103334
286.1123689365829
285.9470142568417
285.85331540790713
285.9661116905714
286.1416205853807
286.1501476236152
286.2035095723867
285.9864689555453
285.91315162890146
286.0373968561146
285.97328949053474
285.9597049290631
286.0951541558783
285.90332696482363
285.93772697367547
285.9903597596329
286.13002842658096
286.18011801067934
286.0922943666847
286.01762116181163
286.02360408542137
286.13607998881656
285.98389242408643
285.78868957256554
285.993150930683
286.0902661210944
286.31303965312526
286.0724518570805
285.99048227356167
286.2360207997754
286.09053752012204
286.0647441621712
286.1668854435593
286.0213663582476
285.97050572474836
285.9871386411174
286.1573102143534
285.9294234743628
285.9563189184606
286.01182771192623
286.039880526002
286.06857034401037
286.2069855734441
285.9257426576784
286.01487667256356
285.98901935522275
286.09348067953243
285.9239787853076
285.905172107377
286.0264243374591
285.84900702961147
285.9392281105237
286.1902632470283
286.10919870916365
286.0870866262553
286.14394279424357
286.05337108076714
285.94173631702904
286.03105717333585
285.9400017384355
285.9895782281365
285.8981367985279
286.004300040931
286.1427469210337
286.0948508705954
285.90301450471713
285.86049721566116
285.90655648677324
285.8953452398508
285.921077530477
285.88612700255
285.9260638223731
285.77305315385195
285.90567759877814
285.95600459912544
285.81729575677065
285.9605448848118
285.9575771657045
285.86080840806403
285.8043803160471
285.7544697889027
285.7241739396395
285.87500830086304
285.6465272817079
285.709378423238
285.94509459204227
285.938603138452
285.8840563887258
285.79252335848804
285.87173846085085
285.8685790538347
285.93973251915884
285.7111238107228
285.6551451630081
285.90850623376
285.93792071587353
285.84585940744023
285.8509547332073
285.7979875841459
286.0090261356905
286.05334535305786
286.1120462555217
285.95191753603825
285.7825825882388
285.9825269353188
285.8129657750756
285.6408983798011
285.8167258167704
285.85078479946736
285.807166935683
285.5643079497843
285.6465853438031
285.6288103130905
285.78780885190594
285.7314651455644
285.8057883162716
285.86946134090766
285.7277161894285
285.7355401268024
285.8646352318292
285.8953684848521
285.91958499976045
285.7396532483001
285.57212745308027
285.7645130230988
285.57995437606627
285.66586869698267
285.6391984893242
285.68857400753825
285.6683943153905
285.67524406081634
285.7100850403149
285.5968592237099
285.62741578674564
285.8187026851091
285.7238294431602
285.56113340637785
285.7273759866037
285.738422453457
285.8452264091973
285.699065328287
285.56584379642845
285.62931291699937
285.85474490876845
285.8297780559239
285.78108647595445
285.8849284330659
285.6196250623459
285.7763237634213
285.9794454502416
285.8434180465676
285.7238521069168
285.7232003731988
285.76043057375006
285.85456521221136
285.6682507729595
285.7579260143374
285.97748886046475
285.58156397309466
285.5477523645371
285.96558155772095
285.92036484686633
286.21941610958754
286.0272639408062
285.9924558442653
285.85198679363026
285.85023564704994
285.75917365135285
285.85737226516756
285.97658327029757
285.89546013326265
285.90956841662467
285.83600839097807
285.84264474293815
285.9241035556001
285.99759277921197
286.0154843231781
285.9725790288685
285.9263634586725
285.7428892575843
285.84061938107453
285.9342032742881
285.9085346966648
285.86830433334
286.15891962908745
286.0688865156558
286.0341390765257
285.8798243420878
285.96335020756675
286.00582946699495
285.92324702936736
285.79957009558575
285.79506817329593
286.0968255668943
286.23274375059515
286.08753919493756
285.93023671282583
285.99105029863284
286.1127765825754
285.93857265528123
285.9160617814747
285.95959223003433
286.10805324506526
285.8193555756274
285.9336007160365
285.77133590945226
285.6554860964964
285.82690442107213
285.91637433272444
286.0777557917379
286.1322023961697
285.95177289021814
286.01861443664603
286.0045834447688
285.9544465095441
285.95462042259754
285.91506631596883
285.8045438514447
285.9581845852085
285.9821666942268
286.08070246704887
286.0341526475588
285.9509532827067
285.98693054581867
286.06271362788266
285.8881357903915
285.9367908941668
286.14676609979773
285.79509886786457
285.9084536845438
286.12147915296435
285.82423374158634
285.93727214782064
286.0412478432526
286.02004825697196
286.01696962960796
286.06545746470454
285.9738205129055
285.86977527544065
286.091614096523
285.8762902100295
285.90948395037964
285.96618685905366
285.9451148505355
286.0904596251152
286.054495778638
285.87609628686647
285.8472872284418
285.97057235537056
285.96200615313893
285.8424812108284
286.0229412969939
285.9407113358882
285.9194076286584
286.0744929667695
286.08240598969013
285.8659272320897
285.8682335882025
285.891431179041
286.1270139375381
285.9248490035461
285.8696789952296
286.07778952751374
286.11490562563614
285.7986917094434
286.02721458704247
286.0710551025002
285.8111965850002
285.77855650835
285.90881259702445
285.9450168037797
286.013147831387
286.0949053616269
286.16972723053266
286.17911093110416
286.08882278018183
286.11851797321026
286.0691727366008
285.97139000009633
286.141214797917
286.01170606616137
285.9416796206899
285.86640515507383
285.9204410832065
285.8670578833507
285.87895165922055
285.86894397800614
286.01529073545845
286.07820532372335
286.00671544006644
286.0530396450257
286.0912092576195
286.1324303464135
286.1908338718495
285.9194187032919
285.90454212426783
285.8814581078862
286.05793121898597
285.93293285564584
285.63626494041574
285.71634651051784
285.94432813682755
285.8702366181927
285.8153803736642
285.85530220854355
285.70893360988055
285.8655495408087
286.04578391528537
286.03405565750836
285.8830525986881
285.9224149050512
285.87389862312796
285.63893571595383
285.66561935927183
285.7846037217686
285.8699529040445
285.8640866182322
285.81497437696015
286.1028693200862
285.90906061029824
286.055312617145
286.0087856690729
285.8217256750146
285.6923197381858
285.7137996339837
285.86903803263914
285.9096817430754
285.60850745977444
285.7408862556218
285.8860270633382
285.73451116792575
285.8233219897268
285.8265638765911
285.805966208391
285.75330129570204
285.9003854342837
285.6723747093732
285.60197292735256
285.660176934347
285.5654521246087
285.5975966652836
285.5422096918777
285.74467275275424
285.67608571104057
285.660097231296
285.7663383314492
285.8547439752002
285.79713393737194
285.7894327900682
285.72681858029574
285.4728378004195
285.7752390806601
285.94140074704507
285.82162921779167
285.8478340186424
285.8818293195172
285.8657281528726
285.7408137709767
285.6255193919903
285.5861315852176
285.6600552117623
285.711201591415
285.7876255517679
285.76616085140057
285.57360202827067
285.7288780688521
285.8014679525832
285.7797656208123
285.8373391875368
285.6833565685305
285.79289390752353
285.63351437976837
285.6277334215723
285.68671208780995
285.8902751663046
285.94089308027344
286.0473550078356
285.92019609898955
285.7786369426981
285.9048737868401
285.7270202463677
285.67526018953544
285.7947663000962
285.8727874379933
285.8485748078635
285.7026935292507
285.8468936972955
285.796604967544
285.9905104242375
286.00007974445475
285.78984962679846
285.6969657548591
285.77031324334956
285.73362142948895
285.5968696267194
285.8505667574452
285.76112168700604
285.92168825940536
285.901100182214
285.7522128557487
285.9258782366553
285.96259301743004
285.9552124430692
285.7436837523545
285.7810872168937
285.8040398871452
285.7797055286723
285.8699416545948
285.97689945757946
285.8552284923183
285.75157330087745
285.7983988289788
285.9567667138552
285.9003542342512
285.9557988277899
285.8262766652514
285.9156543887804
285.80753517803583
285.7895123934986
286.0700415897604
286.0030571421262
285.8482764869449
285.8769627386149
285.83193106892986
285.9481213373464
286.0073356288654
285.99979684203186
286.04206399004124
285.84539315233087
285.9713178288227
285.9852163278465
286.05268166570846
286.00258649641853
285.72470631980383
285.8819028510957
286.0643833106134
285.9984860983626
285.7802573160082
285.71836949686417
285.84428618129783
285.993741387526
285.7113675135731
285.70949923448
285.9222893977938
286.05888843481404
285.99094295214184
285.8957033996112
285.9532766864046
286.1058817652749
286.01194861379616
285.92016087245736
285.9245545353491
285.8572694727773
285.6873100071562
285.75590136277197
285.8324919703751
285.7683522647744
285.81753568353867
285.8746278040954
285.94741567642774
285.97369320765927
285.8354473428479
285.772391576164
285.9655005812696
286.00474739847886
285.89633046222457
285.85708677890204
285.9259308880753
285.7338006619718
285.85911431338275
285.8810576548164
285.8425104895688
285.87620668385335
285.97270432633377
285.83627285489564
285.82965687507783
286.13098118074316
286.1047534835825
285.8708338487144
285.84602019842964
285.91497652918576
285.91520456784315
285.9340052753749
285.8867028118431
285.7943814509493
285.9315545346592
285.95409505744743
285.70186469849295
285.8626980961504
286.1242639525457
285.93768206011663
285.95724612692345
286.17789456286897
286.15533004018545
285.92462461889517
285.75794635372125
285.8859540981291
286.0959671466198
285.9439608362218
285.98077570810017
285.97412009866514
286.00248150840804
285.9386533827333
286.0177084066432
285.9119376093918
286.0519084128948
286.063199731831
285.976032226484
286.16236627542696
286.10386235074805
286.0582065495989
285.9229461760809
285.8105131437273
286.0110581778337
285.9795994098635
285.9890561325723
286.1419162946604
286.2352326579265
286.0455890508113
285.8733067296649
285.855276399554
285.89144620352596
285.909714392012
286.1618508775371
286.04767429540226
285.7328948763558
285.88120503673883
285.9023924039832
285.94600415384735
285.8970109013015
285.89007930253433
285.7382642244196
285.7965280332628
285.9102108802024
285.9856853500327
286.00292476572275
286.05507895414405
285.90521891364796
285.97672075889363
286.10556641886706
285.9252713750467
285.8102938760639
285.970990983142
286.00660182165905
285.7710825189611
285.8672466258319
285.83466306065253
285.877117288463
286.00902520779374
286.0199513995234
285.91393292648524
285.86705458240925
285.9615527318585
285.91053611618713
285.85054838632385
285.88056759065114
285.72666238312934
285.76666735564066
285.7026079429607
285.80966968661716
285.9457756051949
285.8346174642671
285.90045745968837
285.6836631397971
285.4565712933567
285.74753777365237
285.64079358624406
285.5829598542498
285.67315046765214
285.7653613782183
285.9779604544662
285.84071082572467
285.7212728944478
285.775059245989
285.9331413022711
285.77620164526644
285.69549046082415
285.73107060372615
285.8719131013336
285.4990373649111
285.6003493938408
285.6941387830001
285.7983429408837
285.80420329492165
285.7144523009944
285.674870377676
285.4906929343659
285.61609165900296
285.59418256439955
285.34150634108494
285.36633825294774
285.43837815677716
285.52093046729004
285.756053239036
285.7654186405531
285.5001686685519
285.58625052460485
285.7424707240484
285.61245411320505
285.4696461344086
285.5144972514559
285.55440653529354
285.62986318085916
285.6185884034193
285.662523650875
285.3636916679819
285.5621061272175
285.4633274244316
285.5053027175399
285.63373040622776
285.5008170778674
285.5540361790113
285.66071727109426
285.6901105290951
285.643527814948
285.58150977294787
285.5330201782331
285.5243764936739
285.58446877108094
285.6631503804067
285.91495218461864
285.657509460762
285.4884429274044
285.6009001337852
285.6587310068833
285.8962218498562
285.85589614132465
285.8483046554734
285.7352912040185
285.56836145620474
285.56208764395814
285.64439417495316
285.72939716324345
285.8286250288033
285.9178526006545
285.8443722990826
285.80791572752105
285.79563781938646
285.8849601116235
285.86232607375194
285.87277312992535
285.9274239984488
285.8846448537355
285.83355278561896
285.7278490362646
285.98845535705664
285.98022935974325
285.9258877829067
285.9181505923404
285.7973957574089
286.1025304951273
285.9637084139598
285.82833101194444
285.8595620288058
285.8864820804424
285.7570568256791
285.7072735929551
285.9219140062139
285.8715981323174
285.7252536164519
285.7874341478432
286.0735308473588
286.02603280998574
285.87517293734805
285.78882116431487
285.78217756248273
285.80696881015285
285.8083599603534
285.74913898127517
285.66772531451915
285.8985422409484
285.69023018364936
285.8304835976251
285.83898004510587
285.8257592679432
285.8166303857849
285.7749303571793
285.9384065079018
285.86471729242135
285.80811320287427
285.74084417529593
285.8392982493196
285.75070019124195
285.7997435905056
285.65066619302667
285.826132202106
286.02258496496364
285.9127317107175
285.69489526263123
285.8559997942318
285.95298396385425
286.042754984332
285.7415693969142
285.7040544456552
285.65169829824663
285.7525364486225
285.96537548111843
286.00096308265057
285.84594979356274
285.8083604119293
285.63631502472776
285.6267280575038
285.75537245638725
285.80453297417716
285.79746303437037
285.63114292962473
285.6424797262776
285.65824356928226
285.82301246033603
285.68095503421165
285.806744591126
285.94204582461265
285.6448891884614
285.6632574630556
285.5669779119094
285.63105530026934
285.5105340375494
285.6368580998771
285.85281597319795
285.8679925900404
285.745104150628
285.74806477934607
285.6373015822755
285.7204790048744
285.8061585506258
286.04567923185465
285.9744683966066
285.89781113791156
285.67332455170043
285.8483991766548
285.8553116925217
285.8824770604679
285.819399404504
285.7304963169164
285.84969764680983
285.7312514149899
285.820471537554
286.00491856094726
285.9740585799517
285.87790660264864
285.9198235286915
285.774585458807
285.86338210286067
285.80058214994204
285.7623731753241
285.92476338645145
286.03174402929636
285.9955611028614
285.78973782098893
285.76884220032696
285.88389448653976
286.0809622069422
285.9323465266912
285.9433208317979
285.9250160999711
286.0900011826968
286.09453367461947
286.0526084219136
285.812260489585
285.8159243790353
285.7196151363012
285.80495776798165
285.71782814543246
285.8870627147338
285.8460446912254
285.7348245353806
285.81764208011197
285.87652457092076
285.85069364812705
285.8169686923509
285.7866981929094
285.9128092322063
286.05138863673443
285.99470093435826
285.7600644998861
285.78380971303363
285.9509780681262
285.9171220029323
285.7201312619724
285.8764226432508
285.93184511233
286.02692347466547
286.06292540691464
285.92646267344367
285.9916324664763
285.8040678909389
285.8029684493114
286.02581415470655
285.8246107130702
285.85266011948517
285.90732386131964
285.97082849676576
285.9855254110715
285.87619400664056
286.1322511920077
285.9520103976955
285.95075134892454
285.99294485664444
286.0444719723346
285.7749869521232
285.78740039777546
285.88694903572264
285.8830590790126
285.8406093460994
285.84656360603697
285.8600343836603
286.026219023791
285.8796594235324
285.6116797671142
285.71727621572495
285.70035137867535
285.9134761671769
