287.340747290808
287.26664221953183
287.4684235741283
287.3225750916392
287.26875285072873
287.41559583251154
287.367312782249
287.41844673157635
287.563855778106
287.3982031987928
287.6067064345621
287.7065213974112
287.4568356007943
287.6125718814364
287.7461104042266
287.61856524922536
287.74383887118046
288.07046202813797
288.13908908701836
288.2161300306482
288.1793558715559
288.18558948293577
288.11665408173536
288.22502842461915
288.3636957334957
288.33852960716695
288.17662918260385
288.23649617817614
288.4257512972515
288.2515385257846
288.4595667957439
288.35646211830294
288.3687563111514
288.6963464771144
288.64413598362034
288.6309745900895
288.8495544540746
288.78099084517726
288.6122953467248
288.69084956666916
288.7080112907743
288.74249316515835
288.9785699595251
289.189617757888
289.0654682971548
289.0554552978955
289.0975523064732
289.1538363758533
289.14277993892574
289.21071445066696
289.22684260409267
289.5812151829243
289.40876915558937
289.7278659605403
289.8700258661188
289.6154273052952
289.6490852997599
289.87007525896155
289.9448208869869
289.8617832014202
289.93681777079524
290.1566491487319
290.12781713506223
289.99473026757136
290.24868855802805
290.4371355852847
290.3498616499487
290.47050856964165
290.4801555636951
290.57637765470315
290.55191397411346
290.5374302972444
290.64384842084144
290.57939415204515
290.7634833514122
290.6428335910385
290.6261181982731
290.76345044698354
291.07421309181666
291.000236250641
290.8992031403346
290.9706931019583
290.93768500397715
291.10532154795084
291.4786504366002
291.5001399698968
