285.89713912912873
285.8500723446238
285.8276459104177
286.04646211247507
285.9237550441689
285.8498011651301
285.87714780496145
285.98238724125355
285.9187532886052
285.85710643202395
285.94061041873397
285.88122928963855
285.62941359096993
285.9212333150905
285.8460003015374
285.82525840680137
286.17347829733035
286.0995903722433
285.8581397719023
285.9137553523079
286.06119695632503
285.8455915158426
285.8339742119853
286.0146054048546
285.9167975352336
285.8468083693481
285.9817053078085
286.1138136029946
286.10692823936876
285.93102268725096
285.918291737036
285.90891602335256
285.80492638013317
285.84935121044396
285.75103150900344
285.626817708633
285.71902891332036
285.8531064832571
286.03968155581464
285.7989730788329
285.93427066347755
285.77295219975133
285.99321303989126
285.89749930046196
285.7653905957294
286.1162445193501
285.98118377990045
285.83656641605086
285.99566000085446
286.018098743565
285.9586835186334
286.1486748812135
286.058560899128
285.77831557214927
285.8140199607959
286.00368890628175
285.8767012888972
286.000316361491
286.13714959724064
285.94847301879423
286.01631047720537
285.9545571328929
285.7141817503971
285.90747491032664
285.8991810068821
285.8036429601214
285.8737278849143
286.1926856251917
286.09592495272784
286.2193530255283
286.05939115772264
286.063200214997
286.1717906892648
286.310973435554
286.16657224095115
286.17436162340454
286.36442968059646
286.2400470421263
286.14225564116043
286.1406417744332
286.17990820231455
286.2481361361172
286.3157505137902
286.1454340851303
286.1354916905334
286.36612080402045
286.0875647128885
286.0622783049139
286.1408679520431
286.0834811931387
286.2275570228305
286.07871375077525
286.01776362867844
286.2792105735371
286.3312257839105
286.32600106136493
286.42587542362844
286.40663374602013
286.3250499237812
286.23635099963053
286.3953050751561
286.42077760553804
286.2925405345364
286.4120433719524
286.6135248313567
286.32150839840966
286.1550604370913
286.18682864041443
286.19833748811953
286.4346851032925
286.48547687519863
286.29541076498185
286.3885651324196
286.13087777530893
286.201598770894
286.3000863015585
286.2832341363302
286.3558211891821
286.2609218497124
286.2653966434107
286.3658876556634
286.3696694089929
286.3039532282407
286.2003637905757
286.44157599077204
286.61913450307776
286.4588370807589
286.43113347586086
286.4419716385704
286.27530250171793
286.2550367047602
286.5747874228663
286.50659989985456
286.302406113919
286.5983713107684
286.6160641086453
286.4012212079047
286.3694107545073
286.52944980639074
286.7105419564551
286.676437905071
286.46780785779293
286.28459747974887
286.30702071895115
286.41644844802113
286.55937438919943
286.5546745676989
286.7605940789276
286.89049780424006
286.9197799962197
286.8685911057452
286.90592663936803
286.88291771833445
286.72690783639405
286.7733832980986
286.821664308694
286.77919242245355
287.1363082283387
287.15937020235714
286.9198000861786
286.9147908999625
286.9867609001896
286.8329891422688
286.83414525898127
287.0483029017875
