286.1093015677928
286.2085597261453
286.1244702292376
285.969465457145
286.0738689046792
286.1099227220227
286.23316017397565
286.13842436275326
286.0704585902891
285.90087237660714
286.07619530494907
286.24987026165564
285.91505746327493
285.9224215989512
285.8929705591251
285.77976271289805
285.8651040526726
285.96295043196386
285.74625174961074
285.83545501856224
285.97243465659943
285.8607173932559
285.9220400753676
286.15563847833204
286.1016240318765
285.9195857145047
285.8038443062123
285.998700909538
286.2002098028465
286.00227118353126
286.0735881159479
285.8867626644898
285.92668515265296
286.15363528989377
285.8533615817491
285.96384384191066
285.74574802419295
285.80342244976634
285.9174121216546
285.78708097059985
285.9876442245732
285.80900382390604
285.8792520760125
285.8645908361467
285.95869560200674
285.95565474035874
285.89226482401705
286.0310103696928
286.12573982469013
285.92338043028303
286.03056846269055
286.1534024035489
286.10153518690544
285.8259178619898
285.8711717660147
285.79678537291863
285.9433362470443
285.80703601452853
285.8449942849552
285.9535691795644
286.2140356309774
285.921447319175
285.851233717323
285.90703756178914
286.0380206356223
285.9532983511513
285.9283149853069
286.1309826743391
286.19957257528597
286.2244899450073
286.09752643876215
285.84169310069814
286.031861960615
286.1940061165562
286.1303508985309
286.1063596474513
286.0854927048066
286.2264468897502
286.36300842895605
286.3653138349071
286.1820811370369
286.1997464080729
286.12110857774127
286.08643137046477
286.06341251129805
286.1715784357153
286.4760422983626
286.4715954122076
286.18708297333967
286.2285173717781
286.3788983374283
286.30293306484486
286.3983871570052
286.4334389354279
286.39225512923093
286.39662061631003
286.3979992752272
286.41033856549825
286.4380901267859
286.39916243855197
286.43452456877856
286.44972302329217
286.6339353846172
286.60559566569253
286.39769320196535
286.3589301890364
286.4216846073844
286.40268137480814
286.47093994813605
286.5442374706972
286.6091048857605
286.4300418364616
286.27852448886375
286.3525043912747
286.436200758675
286.284434867226
286.1952659304737
286.2010221981439
286.28299925444975
286.41811659731223
286.4714915833172
286.30867195680725
286.2875360877318
286.3426166268672
286.4285912150223
286.21070802144686
286.2670011322223
286.3624479520533
286.28039909310826
286.39402665864577
286.6382412224216
286.62248275309605
286.5817086838481
286.60077773131263
286.5249236070521
286.4109415359325
286.53137680361965
286.7564874425421
286.76527535051844
286.7734213239146
286.8089047743114
286.6434573676488
286.5257418119836
286.52452533081953
286.6287989047667
286.67295730641797
286.91361976880347
286.97536621334194
286.9055466928061
286.99535199662216
287.0899558812851
287.1145801694926
287.22850456094733
286.99968973170456
287.16815402195607
287.3324602724832
287.23522065029033
287.05228268055987
287.0278492043105
286.9873331886967
287.1954635765123
287.0987568991494
287.3296564687586
287.39390781010235
287.1072938965412
