287.3079763330986
287.6411711785751
287.77171640594287
287.50141718231816
287.4695684986683
287.4818886141966
287.6797437216164
287.4326428499386
287.4832224575549
287.54175060688505
287.58881505156427
287.61207300989145
287.7186584134233
287.894100965756
288.0799968394042
287.99647102144314
287.694353064385
287.6678366990384
287.64501694264715
287.7774571859718
287.7608344354278
287.9247941952931
287.91707339473874
288.241432267523
288.2050267085558
288.1370547471136
288.30095264859006
288.4337649116842
288.6471942238799
288.76950431812486
288.66717321337063
288.62836288118035
288.8050310935946
288.9039505750425
288.81166532881895
288.9493396692551
288.98416773787704
289.14154749592905
289.1845833822068
289.1567794807256
289.17822704108596
289.4869343174475
289.44663509910225
289.46543674088053
289.39174178151836
289.5532395178181
289.4192150325216
289.55122938534197
289.7968780412064
289.8296795294805
289.8285172511527
290.1053545683134
290.06594254057626
290.1084687738955
290.15242722254504
290.3384387256117
290.5386541525338
290.46999626767627
290.407584473528
290.52661660378396
290.4153274590437
290.5986449835016
290.7413554497035
290.93745063422045
290.9922770969288
291.34293194670715
291.5281515898103
291.1583452622454
291.30949281351445
291.4936072511989
291.3240075786416
291.5755371100792
291.84672626630584
291.7977423450266
291.98949803272995
292.10964696928477
292.06022117101384
292.0687302556323
292.03707045006945
292.12935730488584
292.4053721327073
292.51818661865474
292.4042003905192
292.6402804138592
292.8795620942016
292.716427086496
