285.942132733166
285.94539423901153
286.0137942659538
285.9790352612083
285.8043400891227
285.8052840682839
285.9257650452043
286.0227988037927
286.0674764069197
285.9816685387201
285.79462647353876
285.83457847030985
286.03698084821514
285.99752797549394
285.9246423657284
286.0584614885773
286.1488758038238
286.10614545284386
285.99123846923084
286.11727140910347
286.2740964882967
285.9314417806672
285.9478610085263
285.85186631066887
285.87346199576376
285.7618352718736
285.69756775624063
285.88799588134094
285.9878040573738
286.0529879889637
286.0127138300478
285.9141257682759
286.09770228568283
286.0088564055852
285.6000010152394
285.58185754495287
285.84356419586504
285.8558977463857
285.945966442253
286.11355878909393
285.93789540487893
285.98995911367797
285.94540703877664
285.91412568425255
286.19586607128775
286.141544083119
286.0665763665468
285.7855137682791
285.71702634619743
285.83146840573727
286.15605574769245
285.9871284721903
285.8260296425902
285.5383314743478
285.7776474769874
285.6993092988199
285.77108667145643
285.960772713811
286.04686344894543
285.7463860715482
285.8571998887834
285.91691701173716
286.00346346156516
285.7507925035425
285.65023582502994
285.63304110733344
285.6578669824098
285.9127911707898
286.0033843378311
286.0605640218152
285.82297057087004
285.81251540883784
285.913451066026
285.9524565189875
285.95639831703926
285.94429224017426
285.8995933656691
285.91832692866103
286.0069112020738
285.93890434639053
286.10862546196233
286.0606224122893
285.9920740481754
286.18271011452094
286.1300801301796
285.9743387135257
285.9408056315859
286.0361304092221
285.8782667237269
286.0798930192097
286.0493046354738
285.9596107637812
285.91618329476455
285.960650106501
285.94075378878307
286.0506442576293
286.1055917838831
286.3326958606487
286.2279752273126
286.26893021851987
286.23908850470593
286.0927228073207
286.1257806018181
286.09454624431186
286.1417416060352
286.32926914492765
286.16885728734803
286.31998917172905
286.56780151400443
286.46040529543967
286.3314759828315
286.3680732154312
286.3559619547051
286.3075953924455
286.0494087764192
286.086652555574
286.46473408491556
286.37184788204837
286.2371717878942
286.3732208941686
286.488759789017
286.48826856548516
286.3520473829127
286.36926099429746
286.4457105301401
286.25765098172957
286.6318911506986
286.6925843186506
286.8421834971737
286.7482094695216
286.60499016309177
286.51673673622736
286.58719505057417
286.5671957784788
286.7120732387291
286.71842430614583
286.8253472341085
286.70700371754964
286.6021837776966
286.87968774536137
286.8548519831312
286.73165393372585
286.59413366776687
286.6516227621724
286.61419659943886
286.7202261588767
286.90887792948575
286.9321233983891
286.85411216743876
286.89905782060794
286.8067290028184
286.7337248323376
287.1592416805369
287.05091796249076
286.7477051432008
286.72961581134217
286.8384668099653
286.83019123362
286.8949406481059
287.0792461571409
287.1490385412243
287.17741332593556
287.0177770572601
287.246298308882
287.24401563043295
