287.5543491930059
287.2007899825496
287.21776012429734
287.4981135766279
287.48071795329435
287.4925481834678
287.4766592747969
287.6252593515886
287.7334435894585
287.6679109374332
287.82293890984107
287.7885371828153
287.8529657519878
287.7770781160894
287.56213062360587
287.6862207768759
287.91779245661127
287.8448810562637
287.8129923901297
287.77249743000476
287.78806164456444
288.01554706627365
288.10073712902573
288.1860375963754
288.2528612407505
288.2840724654302
288.20154499443595
288.07369650289303
288.17856804582567
288.28342971726937
288.0838491883262
288.3683608901071
288.3841078418939
288.3803162993837
288.44949105466065
288.826892831734
288.9529794159678
288.86782096404664
288.8202545768862
288.89828552584675
289.0509967151375
289.1076989538675
288.8687306822337
288.8466961495822
289.0602927911674
289.26761962055724
289.1927528163745
289.164844985219
289.07477666158286
289.2658895751767
289.33804482000005
289.70249942367934
289.7135054192883
289.6743445084642
289.6715882576246
289.50066932063123
289.7141898791838
289.89686086539024
289.79695798204864
289.94915311188936
290.08285999671625
290.1031970990421
289.94005262792103
290.0946313484085
289.88269495791866
289.93930992929546
290.24493393344915
290.15884782163664
290.273658410158
290.62919520006466
290.59141580920465
290.3913774706817
290.5500916503796
290.6125250170311
290.63158040249465
290.9777218751437
290.9595950152731
290.7648174897164
290.89815430278026
291.032229605637
291.4213937181275
291.1679076376124
291.33850229892124
291.54338636706126
291.64884774004236
291.39696197281006
