285.92306528354555
285.86707093173175
285.94037063259185
285.8531706238787
285.94851487643945
286.0069477757757
285.88074009475986
285.68975996226595
285.6744176353165
285.9992394598348
286.22150022299286
285.95517686994845
285.9857383236406
286.0409164618281
286.2565994538251
286.03457182275844
285.8857429165242
286.1202185353512
285.975825550156
285.75576425753593
285.86712659420544
285.9927582606003
286.07423940672146
285.9383568554023
285.8103983367079
286.02593612528426
286.12436271302334
285.8724522227391
285.8981733555782
285.8991893674798
286.14135310280903
285.99897645605574
285.9994114070531
285.9708753190686
285.71564665834825
285.9427216009628
285.90004840077864
285.72054257322384
285.8255322364851
285.81931747974863
285.89613355034965
285.86080353173656
285.74692134464755
285.9350254669215
285.8269087531727
285.94278867243247
286.11256404131416
286.1913358540467
286.0888166296927
286.0008399139551
286.1215935238815
285.9540284933812
286.1103930259107
285.8557927641595
285.9651541647957
286.10337446473363
286.1496676504046
286.16242168294775
286.11372358258575
285.9527491776757
285.9200654074056
285.948768368542
285.961353199932
285.8911812894207
286.3542966902717
286.3442089083824
286.2106662135365
286.25469998687674
286.2536224819727
286.11366974326074
286.22210072442175
286.2939607495933
286.0660312660457
286.18799051357064
286.3765322192738
286.30637318003704
286.25851181855495
286.0924545987721
286.35617321479793
286.2455762503516
286.19209789221463
286.3915517339744
286.34545284674283
286.20524155324216
286.23651620967433
286.3612440074811
286.32587015280427
286.2640791952663
286.3547622013199
286.39879527965445
286.3583327448094
286.5019790558861
286.51662097293945
286.293976954772
286.3467927017349
286.5176840368383
286.63182485953604
286.3930437796179
286.47977491099937
286.4129611248987
286.4225801056232
286.55124985106687
286.6711795090652
286.4343232125076
286.3288179055159
286.51659709576336
286.306552691955
286.3840047165637
286.3678796179822
286.2680930886376
286.4268333902966
286.30025323411974
286.38693435314616
286.3275678701187
286.4498774412507
286.5254584672801
286.45933094750234
286.5729202302079
286.5693881864986
286.58613779900725
286.31979470478944
286.27804527014405
286.5180834959236
286.5647152804149
286.3481513762913
286.35022404701664
286.1822908876013
286.3380956004514
286.46859585503677
286.5356122361006
286.5879328606901
286.59503229581355
286.4120422789668
286.2747578841972
286.29811673075005
286.4474192458537
286.49414230651325
286.41458421630983
286.5703010168326
286.779952365239
286.77118830006197
286.71483362891763
286.28837306485326
286.3457700487199
286.48708826314277
286.56506869566766
286.72453601800936
286.70960202947794
286.683458828828
286.7434446968252
286.915978302378
287.108718815389
287.058022101502
287.08423344717767
287.0027150301387
286.83010168091397
286.8316115619803
286.73189769944946
286.8769676752679
287.0605445814965
286.8280470192919
287.160407816517
287.1350119577141
287.1788225154178
287.25380887486756
