285.8924920825048
285.67357689798223
285.7363235796439
285.8834659104383
285.77843182044205
285.7059435910803
285.7736106874759
285.7061826269427
285.64732172364876
285.78245787636286
285.7454903960094
285.67246268820304
285.58875184323614
285.9046099559248
285.9149113719402
285.7269080102186
285.8432717302813
285.9522272655158
285.7862455254791
285.7549957707706
285.7532655481791
285.79834104694186
285.95527971638967
285.64959747187896
285.64689292455546
285.8799861521858
285.7067297727505
285.6852940511857
285.67896932838806
285.69619822113305
285.7710500770451
285.68697784527103
285.77092097267206
285.722587019301
285.4210670000313
285.5414911475867
285.5399383731363
285.7198188391803
285.81912223978037
285.98565207228364
285.72649321399626
285.68322096168936
285.8045660153243
285.776966351325
285.78533961085645
285.73566552108684
285.79261752789444
285.9496602697466
285.9765059858009
285.61189833112047
285.8001198041694
286.00245951665374
285.977774248628
285.8509728722796
285.9862039869293
285.90233126225746
286.0301632424181
285.9449109901052
286.0392282636316
286.00685810096905
286.02398240906416
285.96984311229727
285.9115832593193
286.0074423384831
285.9639015454633
285.8782978098625
285.98998840719406
286.2481870318749
286.17482927361533
286.2379631527412
286.2236280951381
285.9724741475449
286.16907841352935
286.03106559785687
285.9511547055209
286.1305568234732
286.18985917713314
286.1789598025656
286.29933448143964
286.3657033844375
286.25705103509466
286.35551130953536
286.4566911398021
286.35980736959306
286.3247887031249
286.3269940181692
286.3518220067067
286.2026100088357
286.22431711391727
286.45669800984723
286.2610150789591
286.31377693063246
286.3923139851863
286.34786309473054
286.2614178287497
286.29680254815116
286.1091198293783
286.3355809802641
286.50425673796866
286.4839203549324
286.2959731119133
286.3399932279761
286.28030033129573
286.3928699417033
286.48937416715313
286.68673533380195
286.5139166250343
286.39610811702363
286.35203934811
286.27338978999757
286.50030324624447
286.3780043934923
286.21655824478216
286.28323078986796
286.11734036462497
286.0815748846895
286.23278628724654
286.5105067475111
286.2913531861824
286.10848116531963
286.24732469452704
286.2946264306536
286.240774589672
286.44946559531996
286.44217169769746
286.2297011035512
286.3266149892662
286.5936793719504
286.40532015287584
286.46938500112094
286.52917231396805
286.41353077779064
286.2787194911159
286.25591395917064
286.3809188468202
286.2448345886177
286.34565548570527
286.33085024061967
286.404426171611
286.5086217212462
286.5201829303356
286.5771359475563
286.4105526344817
286.61981454512255
286.3915205834838
286.17732675210914
286.4655635801219
286.80329692733466
286.8302661619926
286.513020424077
286.6839465710649
286.68294934306516
286.8120881062827
287.02083579488635
287.12379118073596
286.8335281681305
286.7580669819863
286.85241594429993
286.8255543850612
286.8290322539119
286.8894924889694
286.96758570841723
286.877886170348
286.96402606716094
287.05068014272985
