285.75324071460614
285.9345398070868
285.9239001888544
285.9984690431611
286.0934662557839
286.0045152830573
286.1299996253076
286.08815736787136
286.0246358971233
286.1415203925449
285.9757004447236
286.15613666983205
285.7600744402412
285.8892544287707
285.9876671622126
286.0991067947544
286.22999194416724
286.0839454990803
285.9431051517855
285.88653820911696
286.0129127494982
286.09890332340296
286.20968927955465
286.2095376669891
286.11875103173395
286.024918165667
286.14352373603487
286.15313930679474
286.0430985451331
285.9710084957903
286.05457334899216
285.9568388876321
285.8005754386106
285.71201955690844
285.5637837454036
285.63979861912065
285.77884893513533
285.7190125462752
285.7222139922403
285.7126743976464
285.93201406458604
285.7909900905821
286.0026179933854
285.8058620810109
285.9657807250739
286.0903651978272
285.8832973640813
285.95061712969783
285.9518398036813
286.09738271298994
286.14331735313857
285.99661117800304
285.9806122318595
285.9789321324839
285.93632005166705
285.8812555180232
285.8753797265236
285.86511964982077
286.07508988697356
286.0793270411949
286.07312653660546
286.1185847402577
286.04454892634675
285.888973417936
285.9115915637314
286.07212134584444
286.22454261132555
286.0679368194502
286.0420048973407
285.9353687594578
286.0886772937272
286.2276257757921
285.87566954009134
285.80652019666286
286.08629726604005
286.0031109598628
286.1143704493384
286.00680857998094
286.077174949507
286.20513860569764
286.05387618583984
285.92016300614546
286.1182192016638
286.2210127936508
286.23255341297636
286.1195280641694
286.2000957066663
286.3740023634039
286.315470642912
286.16678399155836
286.10310275726573
286.2458981594959
286.50017017917884
286.4473553995836
286.30586263730146
286.3128240374789
286.2412859964466
286.33558732284763
286.4335620849873
286.3618681467572
286.2265834144191
286.3831514100398
286.5295757456727
286.4105278489937
286.29325545164295
286.4211336280081
286.4628927622298
286.5669122679204
286.59234602988454
286.35059717626444
286.4437335215067
286.4527266075451
286.67741119053363
286.4821600218141
286.36986734447225
286.4143994428265
286.4226064210775
286.4405239492817
286.44613306276955
286.522355808312
286.32784036816156
286.36370644686906
286.5032069049156
286.65385546250684
286.3999359892867
286.37518850682096
286.5349454154617
286.5242912316396
286.48230643998664
286.5558282327063
286.7095288158282
286.60781157795134
286.3341125937898
286.1874358681772
286.3459414998185
286.24938315038906
286.5549132033796
286.7991249186127
287.00989759872544
287.15441185904774
286.73283974077344
286.64675804052325
286.5536789112295
286.5986132440411
286.66348167257865
286.8727802618764
286.9644520075462
286.89001856514955
286.7902334282144
286.8824520142591
286.9772730075196
286.87983753087815
286.78717366036955
286.88277338190164
286.8815063971626
287.173333443093
287.1902754497235
286.9312563941973
287.01757679750517
287.43409429514554
287.4837070099987
287.1073553331745
287.3522627769469
287.3235979934078
287.1983876882057
