285.88107013615144
286.02647847557887
285.9563272516459
285.7869190148286
285.96509258879627
285.95848217492676
285.8234475889047
285.8860898164045
285.81778650246247
285.9594932441382
286.01508395660335
285.8912631626441
285.744969878315
285.66235860045435
286.12647409858903
286.1200158358898
285.7174232525648
285.7774125643113
285.97743652986713
286.0220626286372
285.9484371719929
285.861276200268
285.9229285059162
285.6988174872368
285.8758737229841
285.9733352205845
285.9671213206007
285.85711012621925
286.1343213480523
285.8535717204039
285.90301217221406
286.0310897319398
285.81541545760837
285.7557440274547
285.6117375284531
285.8027119694899
285.8935742559038
285.91997629470455
285.8866696400767
286.0710974109232
285.92563038265797
285.8504118092946
286.05475561819566
286.0413803500291
286.07229944660565
286.0980410592315
286.0934924498814
286.20616996540923
285.8354846070575
285.8358224890998
286.08211429936347
285.97950564585284
286.0083548111367
285.84302913140755
285.8989493916494
286.0354634625833
285.9006550210374
285.99770310048655
286.0844242865491
286.1645216511229
286.16601172483047
286.15033417453844
286.12003520963486
285.92828646582785
285.78552831860577
285.7385810506806
285.9650620790514
286.1285774700923
286.230467510379
286.1750940258455
286.07346813165015
286.19598156281813
286.15904333038236
286.1512463733452
286.0656587776551
286.22289338884207
286.2291861869794
286.1994862033882
286.2147974045944
286.09430736561535
286.33661565717466
286.17760612472995
286.061318013096
286.079901751441
286.30539410431305
286.22968097042605
286.2647569364174
286.450548356831
286.4040919446021
286.3881434199863
286.32108338340555
286.20956382671716
286.37219308584525
286.35007323328773
286.2849168745436
286.186502863943
286.39863306657537
286.4232058425569
286.44147751302165
286.24698549773063
286.4855687881349
286.5155626561676
286.5734637121423
286.14379010076334
286.2281581501619
286.3581905251596
286.35886842278467
286.5374551495439
286.3357052734309
286.4117127529933
286.4327325280249
286.34465517085135
286.28025170017395
286.2195035313038
285.93208235194317
286.1178353121169
286.2107309801151
286.09250766496837
286.1945058964355
286.2889467654259
286.35033148414857
286.25904258904984
286.25621293746383
286.3610912316445
286.2455978509033
286.21498210400813
286.3111130570869
286.20782092957063
286.2463026430636
286.3178893188714
286.20572097675955
286.3862292072777
286.29551331042194
286.093913981244
286.2179385811405
286.12325290917425
286.32790888468014
286.57912647973313
286.55236971506577
286.55644996872354
286.5982290979579
286.67925777187935
286.3870798919113
286.459240700059
286.48202600898236
286.4797614912431
286.5774192482575
286.88226964388303
286.7134478397159
286.77390466709596
286.7767984402505
286.6972946948067
286.7323085939696
286.99544595768873
286.98225178181576
286.9263642945328
287.12754029993584
287.1260136107555
286.9876377432467
287.0641921542195
287.1693468595278
287.1296583460028
287.0949245504064
287.02004849058403
287.1395235219884
