287.43086162109205
287.4087556480095
287.4778962295015
287.5044119226741
287.50927955618556
287.26590008662936
287.39145903104804
287.4010034161232
287.5130638518156
287.54917908577704
287.59334852782456
287.7332471780716
287.5793506539643
287.75618581960276
287.81646253968233
287.77460009582313
287.9622576800518
287.9114372119734
287.77879510084074
287.83567777959723
288.03645700064914
288.02205310431947
288.05912659101614
288.0984381318822
288.2351597894081
288.35030386748144
288.3191556195216
288.2635568604158
288.1901627048217
288.27811240773934
288.63230571722244
288.71036433400667
288.3787926108628
288.5243508573875
288.6941440444513
288.76223084771243
288.54310661598663
288.5783271962367
288.61998040415364
288.60727597443633
288.69085379067195
288.6193406557063
288.9501138377966
288.9882837881948
288.86807376597307
288.75949713763634
289.0014255440292
289.25493974473216
289.3273445170367
289.30291629841497
289.437691071492
289.30591647111163
289.48040070135335
289.59097896639383
289.7002038818545
289.6829457883188
289.7258893260938
289.6895131012947
289.7665147275588
290.1546502539326
290.0879290036911
289.9977650202766
290.29813524793866
290.35213605031953
290.15856701870416
290.07786912592684
290.2293251401587
290.1599456198577
290.25893243098403
290.632533323152
290.5782525214029
290.6948693897555
290.7193169467073
290.6554361440563
290.7239197908554
290.71561720999193
290.9279138154143
291.10895013538897
291.2414146832455
291.1148463280221
291.12695272379705
291.16451233662235
291.0289790930683
291.33010219804277
291.4414836714183
291.3163960715651
