285.566595670121
285.90340327184504
285.8016856970801
285.7902954314978
285.63813078329855
285.63552388973295
285.72241662743807
285.7203734297897
285.7081558587697
285.80602408442314
285.6898691962855
285.71902434817486
285.8177175375362
285.8732256343316
285.6630085148984
285.79267922277273
285.8016147243932
285.75926028015334
285.9028077806087
285.8989157333897
285.77355131693207
285.83095362028047
285.79775156287485
285.8492122437903
285.82324556292286
285.9033348143098
286.0843258341058
285.85169083000744
285.98060440836196
285.7924224454878
286.0303037803632
286.2248451169135
286.01067592090567
285.93077648234294
285.73474773364273
285.7295136979326
285.7309910817439
285.88349236714356
285.8671515957464
286.0087509550804
286.08046751646145
286.0731295905672
285.8490318265393
285.9825397617548
286.1810598629791
286.09539655452767
286.2001000924291
286.3344632515138
286.26902541012987
285.9472087838395
285.89029001289106
286.22632624073697
286.10127253045073
286.0407442787552
286.2422272273078
286.1083101364552
286.1892005075293
286.0639712009902
286.20277993287567
286.4785984001063
286.43943981086
286.1279855606655
286.2307636956709
286.04421245761654
286.07488855175023
286.31868800463934
286.3064993024306
286.0790966279526
286.20937567016705
286.11471481221986
286.1938131341289
286.29691284463553
286.16107740991777
286.15196394602617
286.3145910993883
286.20297483075916
286.3042650867726
286.3093341806866
286.4877508491974
286.46863465015076
286.4421580545733
286.39527751936095
286.16772998927996
286.2080585213488
286.04819023061697
286.2951829250743
286.47729832815537
286.41041807866895
286.1737595751861
286.1948279476409
286.16595326671364
286.11074635400905
286.2670834481249
286.3033548484332
286.53699215200214
286.42622134845493
286.2144606114965
286.20922685174435
286.23437304412386
286.29151604310573
286.55717030844045
286.48770300818484
286.15951211651225
286.2747590497856
286.2046230869077
286.2743612642448
286.15941005578594
286.5478470047383
286.60018723989003
286.4338146989793
286.4777644162288
286.3586241037127
286.28453863092335
286.38177879981856
286.25608821078146
286.1373590930498
286.2850796354059
286.35947240406875
286.4734917936672
286.54077031989254
286.43789730951784
286.5283955653781
286.5640601189162
286.6448884789099
286.3869008740882
286.3845390160256
286.5286258962761
286.4785240731411
286.5470483813577
286.5416975379701
286.43965858651023
286.53042699704747
286.5504131469314
286.3595703522812
286.66482818196556
286.71491052141204
286.50620541166313
286.69266243341025
286.6837551836965
286.729254840965
286.76917894857036
286.6749750803523
286.7406493634628
286.70717582275915
286.75911757813583
286.5798590232991
286.6391577102813
286.767087106729
286.6964049785525
286.9105915534289
287.0284547452673
286.95135977219684
286.9401574702034
287.14453633224025
287.11571739799075
287.0745366561298
287.1516462894438
287.163501602478
287.24715291882086
287.17762678875533
287.00264729590947
287.18039061425554
287.3315016947805
287.32518541487065
287.3717609037554
