285.95760504967296
286.07157788565326
286.1204963104571
285.8972861525341
286.05883340867274
286.1275427253961
286.15704794877996
286.06484412165156
286.07837060532876
286.22434601319907
286.27612464622274
286.124584214431
285.9945054323738
285.8254126507898
285.98132621257093
286.18904418335825
286.15175472891485
286.1372923774438
286.11353613057975
285.99283620661305
286.0416608680588
286.25803843385427
286.05575408254674
286.1503444688431
286.2246415396346
286.0197061643175
285.9921989750835
285.97150517509056
286.0068131787925
285.9128950926638
285.8463081785828
285.806992448049
286.1798827424281
286.10558160013784
285.7941128733899
285.62150043789137
285.79290307519966
285.823131475256
285.86934231228275
285.8668318043003
285.88703843182236
285.8475517503277
286.0080852915421
286.10028558597514
286.2805049500004
286.23614389386955
285.9957844375712
286.0589647422298
286.15770579306326
286.18191971550306
285.8793985637523
286.0086438681743
286.0952335811264
285.91887597731056
285.9043927653107
286.05059019801934
286.0463288203407
286.0714649041836
285.862742667439
285.82170623751426
285.95079978872224
285.9792588043567
285.9738549856311
285.8850968334675
285.93579001402094
285.98701319248033
286.0186950284538
285.9484114254815
285.9271065014222
285.9552850429132
285.82404725346254
286.0547157846161
286.0839204528043
286.0695931841188
286.0422311124932
286.11146972673436
286.27106649800834
286.1750134904825
286.01047532719565
286.0734456350645
286.0055767845979
286.02685725915137
286.25674252165044
286.36301642680826
286.13876690702034
286.2101066717174
286.200746248397
286.07653160830506
286.11717435854655
286.2807772382629
286.0833452651627
286.22350976455954
286.21652053560837
286.29994427994654
286.3391019386214
286.4858251399241
286.38937048066197
286.36192033470974
286.3923144114535
286.546447329358
286.51567676197226
286.3007838120409
286.0665133470157
286.401615429821
286.45475740819677
286.2964670448074
286.2920268519118
286.24392076471617
286.4101307975496
286.2405901771157
286.0388992282548
286.10045476379145
286.25684368770806
286.10975208254325
285.9251213256834
286.0155987498286
286.20405246153547
286.2590035489089
286.2879682849204
286.34109569803275
286.215963905837
286.06852731369287
286.3225432415655
286.360593745179
286.3308827392608
286.34551204646596
286.3214493255767
286.362305630748
286.2859827769992
286.5759536539472
286.63584983729726
286.65226711436515
286.9396070861427
286.5446197813474
286.4797629092981
286.42328829749334
286.50698056775445
286.6090034451309
286.7450159999454
286.9888324742162
286.7624282810662
286.8908668026475
286.86203163292754
286.75535094092754
286.7727831427945
286.7873090552377
286.8992164653109
286.9484722631747
286.89675415393367
286.93066551969986
286.9982756555168
287.0304867579235
287.14501424954534
287.0650719835509
287.0431979831321
287.1188936305176
287.2181951169556
287.1092246241191
287.2632681551535
287.3759083978847
287.395528022605
287.23823492000076
287.2550151388585
287.3583832197963
287.31865593784624
