286.0958166525309
286.0860157830768
286.01841895226653
286.2058132169382
286.2581210684329
286.21494964173223
286.0286634215606
286.12318110268626
286.076395045187
285.92855085128923
286.10206288236105
286.01084434071157
285.9989780774233
285.9688753951537
286.06089912351064
286.0969692637503
286.1591527493922
286.1606766115652
286.1572879541159
286.0030996421058
285.8697589859537
285.9836958910754
286.2076439948557
286.1484839333795
286.1007802717002
286.099819669489
286.09963485943297
286.1333737103632
286.25269592090245
286.04510617254135
285.95651555006845
285.96721083080826
286.03971410992733
286.1450073615467
285.9910580377495
285.7469041813588
285.7651065859604
285.9364583290868
285.943763901472
285.84575642674076
285.81961338889937
285.75241845989507
285.8670343063773
285.8274562175566
286.0071229013816
285.84882685816035
285.9337356937916
285.91345641501294
285.57908663987394
285.73998150268596
286.0064949708313
285.8590180169314
285.9480865743228
285.7184410627877
285.61905284955736
285.8282709610599
285.8503960476766
285.89785945691006
285.92277629021476
285.9673473460241
285.8736007432183
285.8915126564873
285.85372392468594
285.8097063559673
285.8467971699256
285.9050809212187
285.948460343905
286.0145131061633
286.09533410133423
285.9259276500328
286.0431778324536
285.94677426586355
285.80710619203046
285.83432109522255
285.8973054419338
285.74028499784066
285.77236330225463
285.88705292557114
285.87194485598707
285.9107886078117
285.9676263726055
285.8941826126159
285.9517672067818
286.0687241910818
285.8809535845959
285.6848545102346
285.67244944740105
285.725734804261
285.90925400890245
285.90746377632877
285.95107537380926
285.9046102744801
285.87120628730906
285.98596011503327
285.9824955085929
286.1009210709655
285.82026569931503
285.73250714979997
285.9571947179647
286.0585623504571
286.17336539428027
286.15629262582917
286.010580625502
286.00987955494304
285.87371350800095
286.0077284455866
286.0125582203677
286.0832011185144
286.04195202804823
286.173082562972
286.0432766148843
286.1661303533943
286.0646040727672
285.9319841580433
285.9377798441418
286.0071290481317
285.9553997371561
286.3542418511195
286.59492636778214
286.20750970353276
286.24719582433744
286.24125983343305
286.2298319048236
286.32196422224547
286.3029132042514
286.29079576100975
286.4400753296812
286.31164489028964
286.2232961561585
286.30678431479737
286.29388270027374
286.3246748509142
286.49114409136223
286.39720254289966
286.3064469438812
286.4258328621149
286.6183681972054
286.78437268000516
286.89227754326714
286.7735722124002
286.60848909859044
286.4926495553512
286.3842564749028
286.59538706218217
286.5226627776347
286.4999323929728
286.5669483208172
286.6317758493387
286.5808069736552
286.7639998579416
286.9155169877242
286.92675835187595
286.8363202894812
286.8249591070429
286.84306946720557
287.002279193469
287.0430684478742
287.117653311646
287.3494197004059
287.29036063341033
287.1466531803581
286.9643904922161
286.97984117076584
287.0156506325685
287.2641313828526
