285.6995198827
285.777405146737
285.7500678111869
285.83295535748664
285.94929006490906
285.96081618184576
285.90307963882856
285.9193019081092
286.0409417188186
285.83126979647193
285.9988967736023
285.85026789098885
285.85223103283545
285.86410919818115
285.8123119746035
286.06824071363275
286.1042892328356
285.9737846799091
285.95592895634877
285.9456689343371
285.9017295260063
285.9610834930884
285.8872678302791
285.80490376264095
285.8153892517241
285.8882429030407
285.9537128292285
285.9861098560298
285.8832705796242
286.0879344835072
286.0987604502672
286.0098931637621
285.98936093825796
286.05576344431006
286.12512721980136
285.7836169657949
285.72783279191003
285.7974255494537
285.85271076884095
285.7475887776579
285.83838686975446
285.8527980839652
285.89657614968974
286.0670851572469
286.042779200386
285.99604095547386
285.85933129998165
285.89744720253753
286.1327731062778
286.1100716353717
286.1136151840617
286.108771797929
285.9655377473072
285.95832261553807
285.92136242995787
286.1137349852159
286.17461265733454
286.0304222392296
286.1170637270657
285.8985811808236
285.9636104041689
286.06962592536615
286.1191090287673
285.85631711026656
285.96949046781356
285.8851949116741
285.9254508989626
286.1384707527618
286.07447302328643
286.114878138339
286.16925235489447
286.375636304362
286.4077262305328
286.2412817022344
286.3111867415066
286.4534841212229
286.2605509867973
286.27121990943726
286.37920987740796
286.2353533634026
286.15604991270436
286.2829568812358
286.3782365867538
286.23394610995786
286.296938195537
286.24003415553466
286.38005697437956
286.34185000224124
286.3409472092023
286.21550848079727
286.21050464336673
286.58148447063087
286.2748736367907
286.33817082050183
286.2099751918792
286.3506065516167
286.5364855744345
286.44231638863437
286.62748850844656
286.3818557502224
286.3472995127415
286.33135587704015
286.4578393651573
286.45668139865614
286.58594192206255
286.72074483871245
286.41195072694853
286.36205775965755
286.5285639798587
286.46639957162927
286.4517202674185
286.5166997975867
286.2605523736319
286.18548234003924
286.3349363389218
286.5470466015185
286.4409227025714
286.4891575426459
286.70228323948953
286.639614850858
286.62189563369634
286.71420479724736
286.44214586881736
286.461369277507
286.3872083035134
286.3941743705205
286.42643522863534
286.29409104642974
286.4021440423288
286.5846586928456
286.4090666895367
286.2988529437617
286.49028025515105
286.35447710967554
286.3249117817085
286.67863892676064
286.81296249522364
286.623160837674
286.65550938838794
286.57223199493535
286.65661525362685
286.7105677247868
286.32900456965103
286.511489715271
286.5832150892212
286.40209063596944
286.6468280910396
286.8358854168849
286.82796032910335
286.84709294299927
286.8831518684898
286.7620666600935
286.81942866443075
286.80478161099734
286.898714848809
287.0981109687177
287.1756378976555
287.15999967685804
287.1754350663006
287.21464468145956
286.9539752436052
287.0290362154085
287.3077812217332
287.200846735717
287.2577168930716
