287.29466650689415
287.32445809408966
287.4414542514783
287.45765907916405
287.3820341348646
287.6007588814472
287.8990959353391
287.66505844194063
287.3825843016646
287.5529610642934
287.49134151380366
287.622333953842
287.75758170670224
287.74508678430044
287.83513064205204
287.90066350291664
287.8801845098083
288.04877326646744
287.9911615702731
288.046222314562
288.05781818258185
288.12519163796605
288.0242546069648
288.0961674359353
288.28956789601233
288.2377046167681
288.3318709145622
288.3260007063945
288.4494834741529
288.5256179268804
288.44457323906164
288.3177560358239
288.47219765083497
288.8288229275846
288.8918954573011
288.57469619583554
288.6990838156225
288.79373079510634
288.7618400241533
288.7849065795004
288.75452269920345
289.0401134723131
289.26181328135755
289.217671169394
289.15171637665213
289.2396396037413
289.2903949707033
289.2388962445606
289.2583016572469
289.21060237288674
289.5109444736071
289.55066856705724
289.73210823179005
289.7254678781632
289.4908600177519
289.5078127533239
289.8407945274529
290.21326618275685
289.8939134532582
289.94078069661924
289.9624365531576
289.97992498674085
290.1519519804497
290.3164192161777
290.34751164022197
290.491638845087
290.4535190434187
290.43488109548895
290.53430074071554
290.6359253622619
290.5657542012076
290.58005685533084
290.77970113436174
290.80718502765535
290.7783921840543
290.76236255069176
290.7215931518539
290.79313822273326
291.1263571004222
291.28457746394514
291.05438608284584
291.0254782185613
291.12824492954627
291.2885643648863
291.36875682032314
291.33205539951985
