287.3657928035382
287.52704562072466
287.2425166169115
287.250423642505
287.58743229733005
287.63367251997585
287.48390763105795
287.5360421330222
287.6883113403673
287.68192232996665
287.7900569509478
287.8611423803592
287.7585922926059
287.86578663152915
287.83910150378466
287.9384740412029
287.7829401152952
287.8165112940444
287.87003719422086
287.81372320963595
287.88033740677463
288.09980588715456
287.9349402626756
288.0063342502628
288.0874432493244
288.0679564844741
287.9224207900426
288.20227097196687
288.3474137913155
288.21001415584317
288.35276036470435
288.54867102458826
288.52735482793383
288.50509253526553
288.4525485615343
288.49289951865114
288.6501086751123
288.67845086309677
288.5175817031339
288.64806398019084
288.6703462277579
288.6088928880139
288.483832011239
288.73154460661607
288.82099525010364
288.7581925187796
288.7338853560497
288.66308672029436
288.8170377143789
288.8077892359338
288.9990522494852
289.07271156577946
288.90687065730344
288.8236698709791
288.91957198851475
288.9770147741023
288.950962207395
288.9535824006925
289.213331289603
289.25149522990137
289.17150681525857
289.38179947560695
289.2262048712338
289.46043884658997
289.6244759207181
289.59207311523784
289.5207353156396
289.50863000494854
289.6737859118018
289.549766195605
289.30878365964907
289.48901729422323
289.5438320014457
289.4859894824492
289.4137973334313
289.4652811284753
289.6172109761419
289.7186992697705
289.7671829109621
289.6511808677067
289.76553874513746
289.93444271390206
289.71075887449825
289.8087574430466
289.76148142810496
289.5399370777196
