286.13835585773927
286.09474042981174
286.0003757226519
285.86445676499415
285.85785505054474
286.0820555458544
286.037454750196
285.9840951496158
285.8565758575737
286.0734366322741
286.16092558084114
286.03507276145046
285.99698495876294
285.9457353279513
286.03200819151135
286.17789207216356
285.894722769329
286.0816076739742
286.24298520439305
286.1528624903816
286.16638504882764
286.2057394204776
285.89469647297284
285.81990080028504
285.75029769018784
285.82936975039297
285.8811085700209
286.080965708996
286.04254574642016
286.01115965320423
286.01491625938024
285.90778402419613
285.94169251833705
285.78768672428697
285.5746681462674
285.8333035829973
285.7128232307292
285.86237055277763
286.0522580557298
285.840279018369
285.8356255959085
285.81442024238464
285.68501974312875
285.8322882424163
285.66461635698613
285.8141748786679
285.9414567419958
285.76870457265727
285.86687801383476
286.05116728407575
286.04775814926694
285.9509637314202
286.0007672738866
285.91488604366896
286.0026926964191
286.11562984488296
285.86318856780247
285.93845708702787
286.03576289696514
286.1112017791032
286.0915187114345
285.93114927904264
285.89493146801044
285.9737478708717
286.0636058854812
286.0881604499833
286.0542458952313
286.10577981128637
286.2167826858813
286.3700465692933
286.2352594570456
286.05861511221366
286.29113084719967
286.31638097520204
286.639514388784
286.39278254321465
286.1433818166564
286.4168142731382
286.4256735871859
286.1965400356828
286.1952218399594
286.18505449228
286.2979855530282
286.27135927821155
286.29547371561284
286.2126490252196
286.20010936836826
286.261254647197
286.3014842303634
286.383455163235
286.1761589691129
286.2104097265804
286.22860170928266
286.2530060897303
286.32526504638764
286.2427599650435
286.342108890258
286.42910502167746
286.47978140674564
286.4702528520553
286.50703575088994
286.59147903116565
286.49476528122227
286.71721966357836
286.5831263028382
286.39206000097664
286.4054250345048
286.4709325314413
286.4558497804837
286.2876452199261
286.4545704572434
286.6449541928854
286.70012926161496
286.7325932433831
286.39753387327823
286.4599322937108
286.46550684273404
286.53139039275084
286.3948284297268
286.45193608667853
286.4911537328816
286.4134848252181
286.5451757000726
286.61174367704035
286.7618583229046
286.50238903521404
286.45376546140415
286.51802986970864
286.4437110323061
286.5318678829278
286.81256687051166
286.7719663362801
286.8493536896872
286.74673932754376
286.52451740090834
286.6587872978274
286.66050389160444
286.7651280407591
286.6917269023997
286.88979832349133
287.20358441442465
286.794580390971
286.5534538706693
286.59704500214514
286.6602338491352
286.73444611204934
286.74628999030983
286.9275982059448
286.93160017967006
286.6732709581015
286.8235531573636
287.1304880351795
286.93979743785513
286.8840133648062
287.105370456093
287.26817600692686
287.1419490923876
287.0581949017167
287.01559551939897
286.9836407588544
287.28015684997774
287.27738729893736
287.25886962810904
287.2806708341478
287.3345679838423
