285.8511801333977
285.9223027767182
286.2623108346126
285.99821789180965
286.0985557925441
286.154637601597
286.17544449546125
286.1313574063023
286.2021119867999
286.13386418004546
286.087897780726
286.1604460152445
285.89862328918537
286.11664725497377
286.1728067570819
285.97090782833516
285.94110577397015
286.14842155812926
286.17427816349
286.2492888104872
286.27322455179944
286.096300862122
286.2377671960347
286.24283695421565
286.202908100923
286.12669103026286
286.42527047816264
286.27701252693385
286.2306710467667
286.23262731991724
286.2037699083061
286.2207541257251
286.37531204093386
286.1958535187547
285.7054805063095
285.6827694615329
285.99488482324983
286.05372703291283
286.056408926405
286.06813105422765
286.2307283618083
285.8479506084796
285.8659822223936
286.1969160575794
286.37013511348295
286.0973146809513
285.95382828629465
286.196822814168
286.2591505071881
286.03042931657893
286.00981002629925
286.1728708436073
286.24635511643163
285.9158528870798
285.9722744079885
286.24040754806333
286.3006493491376
286.3771764251239
286.0758380880961
286.06019150715633
286.07834985251344
286.1834570994921
286.36379182477594
286.1397052719439
286.1715051830304
286.1388587277064
286.0500489559477
285.9762759854467
285.99197127310816
286.21777500167116
286.1900554135188
286.16840344351994
286.01208473394763
286.1720621509299
286.42875519754386
286.36487707710387
286.224368396085
286.2723684538358
286.34705572944404
286.2662753014059
286.25151960377326
286.1558236462408
286.1677223473341
286.28879440994314
286.19695897788455
286.09958872015386
286.3174114166326
286.3771382511531
286.372298628796
286.246140799648
286.28936752992007
286.4315142013228
286.2003694050513
286.14148069701884
286.40198104589837
286.33822578417846
286.1692294705864
286.2229871712018
286.1933204233642
286.16853257042476
286.2319112961181
286.23425564783525
286.20736554760447
285.9647795160162
286.008137406578
286.0544468040094
286.04081147301014
286.22673982120176
286.33288555055026
286.24202049171055
286.3931266849423
286.1274271972745
286.05309991098176
286.05296482802737
285.90207497313907
285.9328487924642
286.0555717915414
286.1410042339407
285.94678885459854
286.0536492395576
286.15711540890504
286.1757375811939
286.18697836503554
285.98106964516114
286.22343321447244
286.1794091043023
286.3092320345126
286.17744153019447
286.27799055840217
286.29221067734494
286.13632975674955
286.01217391287366
286.18161793878903
286.3502875476316
286.42889183457095
286.3063583663966
286.38934730298064
286.5746127913671
286.53271953104564
286.62712459327173
286.41883502665235
286.6304054658872
286.4330526395632
286.3417861799707
286.40326803579524
286.6343115004475
286.8248464814575
286.97699591799534
286.67812462417726
286.8013714308877
286.9046874961511
287.0906850905076
286.82168521604603
286.81503008063123
286.9020597321231
286.8585844169512
287.01182234977153
287.1285363908858
287.0892627229843
287.21064310413874
287.3066017127114
287.16032184184195
287.11197145096384
287.2367383219089
287.248374830089
