285.87543914085137
285.6703446707826
285.8255339510041
285.7597741471525
285.82415386711153
285.93382181300865
285.9077474254849
285.8108892297808
285.8062083423233
285.84505472270877
285.67416450427476
285.6807439246224
285.60721470097207
285.9151084007475
285.72864405619595
285.65274338649436
285.9082442306159
285.9290415494392
285.6896445843708
285.8186670377947
285.790586291191
285.8538979316341
285.84198847296574
285.93788806803803
285.8837150966857
285.9728066034986
285.8549673729065
285.8927643689092
286.0833775747359
286.03873381304436
286.0439634445035
285.9685073369201
285.97251375739927
286.18929942538455
285.7203608280945
285.6633429587268
285.70781942942943
285.8488393614773
285.8134106014739
285.8108528603937
285.8640406835127
285.8576089750668
286.01399666870026
286.22660734080796
286.0020308763584
285.9473905173502
285.9203125702945
286.1217136866908
286.2333896713371
286.096141786535
286.0681692163751
286.1720403307723
286.1308657040134
285.85368596551643
285.9219884566827
285.916366288944
286.08045601712985
286.2362206966792
286.0489251685037
286.1097664218959
285.987185071618
286.1356019850726
286.01001810410474
286.03583562426155
286.19384242001394
286.2379184072711
285.93784516384795
286.06102818961375
286.18550791182463
285.9139739192152
286.1222921821571
286.29730668019397
286.02629032490876
286.1292159484948
286.23775475979625
286.1612630281613
286.0226105311402
285.9780585468977
286.15562735294543
286.20527716736024
286.2793263109767
286.4240240688796
286.2220403666059
286.1721240145464
286.2786130977364
286.03039890768343
286.04230571903304
286.1273526153749
286.19203960905764
286.184121808418
286.2060415715966
286.02338764236333
286.33192877493633
286.5371440916163
286.2422711860513
286.16301114912284
286.19281611059984
286.4106973507286
286.3489174955509
286.15696442480703
286.1811916347685
286.22122978218704
286.2447999964721
286.10682288719136
285.9890045943218
286.2200118694566
286.3161932932525
286.2306834827693
286.24285213123176
286.18617926595294
286.3326449733324
286.30631672996304
286.20621144737163
286.2713241904909
286.3834676526754
286.2640316782543
286.3663062347774
286.36265836552906
286.198468320499
286.212458004186
286.2186020692142
286.18236623154615
286.2480263330094
286.34982362189874
286.3082667047288
286.3458625133725
286.4772032382719
286.19351116783685
286.15426741177015
286.3892291549997
286.41395748450753
286.3737199139714
286.3365188734435
286.2021404800655
286.2687642225082
286.52616536127863
286.38046690909266
286.2383966064133
286.34801962373484
286.5459319558112
286.46346252853846
286.4688642578409
286.34785916008417
286.46624540489796
286.53199706604136
286.51936049695956
286.4926728154477
286.7692655418194
286.65221659926186
286.96312759352423
286.954455140455
286.82654280817786
286.88344314763657
286.99136009524864
287.1420124333283
287.0576245793525
286.9029926067416
286.9363182047176
286.96265767191363
287.04426102006107
286.98894851626693
287.338203528335
287.47775896272753
287.1527320021856
287.1776293791912
