287.35259593153387
287.3284415507936
287.4042703216852
287.4665855082641
287.36016382633636
287.32190942989644
287.429647382267
287.59451088091504
287.7121876535339
287.6800069981948
287.4595455287898
287.47661975032827
287.6176966231522
287.7594652344687
287.80163165249155
287.6553986759091
287.9591241213414
288.0468440952592
287.79762144508277
287.6867309731828
288.0105249105419
287.7663943651812
287.7081205129768
287.90375179638966
288.44736302779836
288.3311959258851
288.3752872711922
288.3873678475754
288.17354473974393
288.30770814737036
288.56340972177816
288.54527989798515
288.4812360730671
288.3462926295947
288.5043920350514
288.60876377303634
288.8235414242119
288.79721452171634
288.89321299566365
288.99280253595447
288.80870058736355
288.83858751539685
289.12753880356496
289.0928759495337
289.05614418004075
289.2379647176583
289.28640189450545
289.0738365194538
289.2656430295025
289.4050900468653
289.4695833251541
289.31321740114186
289.37800975834756
289.69644689970846
289.6632093104253
289.4877430425665
289.64124849851726
289.7016332606438
289.9215092699292
289.96427558111003
290.20495689226436
290.3396520286998
290.1512794006655
290.1304061886963
290.24008340843716
290.24807471124666
290.2730837575876
290.44019089248707
290.51371011618807
290.6921659040463
290.57309524966
290.71474976065275
290.65935659588723
290.82031935889967
290.84578661041826
290.7606751779479
290.71651192087995
291.0581313133793
291.13342797143343
290.96770124048976
290.94516705448683
291.2687859541165
291.493489777867
291.33376825901513
291.37198570420776
291.56084025571784
