287.43660463649405
287.3973279368853
287.2847318863019
287.6201987332316
287.50794731091634
287.3155738118665
287.5509179217283
287.6607019185227
287.5671869694548
287.62637841371384
287.6908108563668
287.73541360612825
287.78557097462806
287.6869882259477
287.7099375131786
287.6938971660687
287.70518162323606
287.87727512918775
287.99308769707744
288.03542227223664
288.06665471138035
288.16861321007525
288.04238531676395
287.96310821849704
288.11241504652145
288.18771474126373
288.19684204885084
288.3210408657852
288.42360778638937
288.4881043179874
288.31921485165554
288.5172873570564
288.6378230248743
288.5790096475645
288.5989900773483
288.5969250557491
288.5690036215853
288.78574572412964
288.8461249390867
288.9258829750025
288.70867257518285
288.9731993290933
289.1624503523274
289.06809038273116
289.1855680795711
289.27905211357995
289.13352083879255
289.18895928782365
289.2594763580898
289.467234964611
289.43813379209905
289.34439351552925
289.38521306263294
289.5784795811358
289.6907965053745
289.75462114138577
289.793849132883
289.65755963365854
289.76215322856143
289.9664768538166
289.8180832354551
289.7514446648899
289.93696810289936
290.217427522154
290.33317010594334
290.1871423222411
290.17739541711785
290.2748532085254
290.4482138507912
290.3547951864572
290.4327044292051
290.72095864843794
290.7669973701486
290.701995058761
290.7567701496188
290.8801591833552
290.8160132843586
291.1402341151837
291.07536343473936
291.0666077070994
291.30393485804865
291.40171219653087
291.2738293146645
291.54485913585177
291.4363952215272
291.3456351630118
