285.89812859526415
285.98973688706275
285.9767037232761
285.9370296078078
285.8787308084063
285.88486270256954
285.93314334984075
286.03056740279084
286.08380688562164
286.05283691802913
285.99908202587426
285.9778768662499
285.9795543893272
285.7971103637683
286.00652557774686
286.2148390674126
286.0508976655718
286.1387382235272
286.1461373660115
286.0381700997216
286.20044158071573
286.2374339676007
286.15909968955975
285.99535718602004
286.12362216902187
286.31236169653954
286.36293453535615
286.30963328303994
286.10833969127765
286.23328773035104
286.0819310115107
286.0666440422042
285.9007994667693
285.97586305258295
285.7631492028325
285.70856148275595
285.7875346408988
285.9567270541612
286.22070300990765
286.0497744690452
285.8890666071137
285.7682759329768
285.9005419113732
286.1304409419286
286.3991595593814
286.26730337520934
286.19613095050465
286.2644027812297
286.0695345345201
286.09402221288286
286.1157827395803
286.30237534859305
286.2836968058921
285.99209695667173
285.9360108266342
286.07450851104437
286.0957383919129
286.1674350128596
286.13833078115016
286.09605776349076
286.1894554278929
286.3958216514205
286.1778541679284
286.18971398927306
286.1133023324742
286.0981970985507
285.9987366805489
286.48806261741527
286.36849014936774
286.2677564025396
286.42923946101865
286.25064802071813
286.28086123050554
286.3888467720591
286.3411234429176
286.29640612391233
286.41080853361836
286.43333869443154
286.31599054237586
286.1327202539985
286.1476641242103
286.33930839405684
286.19780376623834
286.2372362605932
286.34992209814567
286.3016857872449
286.14414312810965
286.16058778589485
286.33545458453665
286.24000343917896
286.1182670681112
286.33193626570716
286.19988348998936
285.91632788478944
286.22046923065676
286.253395852357
286.1134914713056
286.12900757642456
286.4447823526506
286.37191088783817
286.41856123837687
286.38411378661374
286.52851586095585
286.46080925901435
286.3243386215526
286.2932730002963
286.25891894278385
286.1369832701395
286.18994537468984
286.1727188516875
286.262154975597
286.44091074581587
286.3402941295643
286.285078840998
286.03723322997683
286.31383835977846
286.3159701365746
286.1010778008806
286.1537746818701
286.22577399575863
286.04850585769674
286.2420525315917
286.33957234943244
286.24343049116067
286.29344153780437
286.3079044893187
286.0855645649298
286.3009844502251
286.19149366866833
286.30819067379184
286.4677625950044
286.2660381086609
286.35141346551416
286.28922696364356
286.3931541259344
286.45685100558734
286.38056036642365
286.5327761150216
286.49868941967065
286.6522763980266
286.7241606429102
286.49268804946576
286.29902860657455
286.499217090752
286.59876781578834
286.76735600195445
286.75120134734743
286.55827953033423
286.6669086773492
286.68213541317147
286.87423769909924
286.8566056048961
286.86461176198515
286.8583315617968
286.86920930813193
287.2254883413693
286.9750876676538
286.8039397709159
287.17826296238195
287.2731819947046
287.07943620593653
287.13986225496035
287.23153816339556
287.05424056393184
287.30759628604466
