285.7140378951087
285.65020128418473
285.7650461067574
285.84250375641903
285.8771658153211
285.73591424954407
285.8374462205412
285.84826532188674
285.93661153641057
286.02941248440885
285.9036939525527
285.95179930538586
285.91821324867254
285.849359813948
285.81752878238456
285.8085336431896
285.9945610854074
286.22285737007564
286.0232428690383
285.8584852386258
285.966976027787
286.05436076730126
285.8854342767232
285.9343269683438
285.91820713777975
286.03788053935654
286.0306148522323
285.90098005867065
285.85464581857
285.95700279955986
285.9756907391782
285.9712931412639
286.1584111621626
286.0065891883875
285.62455085996146
285.5226215547431
285.8080755167384
285.9075924043203
286.0131249475562
286.23330116506145
286.0978712470213
285.99259269751417
285.9778071957863
285.9498772481886
286.1748297680805
286.0750742674783
286.03581983849693
286.142607831875
286.2153174345632
285.9856339963468
286.0481547954747
286.27628275671515
286.2993207115135
285.92234174108546
285.76098119888684
285.90277083104115
285.87137483004574
285.95822382098424
285.81729413580774
285.9286809566298
285.99848691820665
286.1231123679606
285.96523684362296
285.9696150149524
286.05279651307166
286.1116638500293
286.18230164564204
286.3066386108876
286.1859381723924
286.22379895921483
286.34761489215055
286.12513058551207
286.0687554555774
286.1732218759771
286.02237188136945
285.9735158850761
286.26223571631255
286.2363732396437
286.11879798004856
286.2787036496653
286.2037253133902
286.0220004552615
286.19326777339876
286.1962435119337
286.06731279734197
286.2265612540953
286.29253087800316
286.07675466103314
286.1802192961211
286.2588196252775
286.3200137176897
286.3667602783542
286.4564935756186
286.3744027852877
286.3298087944338
286.28908923950513
286.37516706955887
286.4787649515242
286.4363943282109
286.3359953539729
286.24369902289374
286.1403899702031
286.0138332768916
286.2198821908033
286.51495726595596
286.3006188808322
286.4049127938628
286.3856076644525
286.1763278050078
286.4430425543398
286.7460948052073
286.4018273826448
286.32950559717
286.42163393936266
286.12891888987025
286.22741602508046
286.43593071460845
286.2727393178606
286.18059751805635
286.2790493504454
286.36287584219906
286.33783214888285
286.38810629574124
286.49898642123225
286.4585434838229
286.3396873539269
286.3465608343969
286.39688649841474
286.3921338260839
286.5295844924568
286.7004725697658
286.6421912120679
286.66024293715856
286.482653604887
286.43238205745195
286.6383437492791
286.6944659342037
286.5045481359005
286.61212608573055
286.7418154829636
286.67419776759743
286.74800291539617
286.67248711941755
286.6222431051432
286.6845496702456
286.62828034876327
286.68583368550736
287.0159748135181
286.8342596584401
286.8957669641012
287.1766218280764
287.18287828298725
286.88163470636505
286.98421995491003
287.2908313294996
287.0505785074312
286.97201325599787
287.02849370293194
287.1139878089612
287.45521820250593
287.3163434752847
287.18538101295985
287.2815380038579
287.46153777979197
287.2824560119508
