286.0511535210442
286.02894203323734
286.1083691649523
286.08434754658657
286.05452369750213
286.06903482091474
285.8758979638962
286.03806437312676
285.97998633702366
285.89929928644364
286.1544054222188
286.10959249416896
285.86426750293543
285.9451007813281
286.1584165971978
286.06219126035114
286.08118131035616
286.1483866102782
286.19917485512013
286.1946747345716
285.957852950523
286.15311458438407
286.23096764476503
286.1853538467666
286.04368907610365
285.9500334696657
286.1746752220494
286.0528096434432
286.19753633258665
286.22183602610613
286.0952122589838
286.1364392112518
286.0866307055113
285.99669894893424
285.80737251992895
285.69721837121915
285.7527232804228
285.76345288498464
285.75747423130076
285.96484207237614
285.9213929401157
285.8969870054058
285.9059716379725
285.86761336517264
285.90881271978697
285.9610356707538
285.9837162733285
285.7963740233743
285.84972386147416
285.9354892137363
285.8982514003127
285.9416162419527
286.0025512364275
285.7749885680589
285.7915831858282
285.84509919445907
285.98825767147974
285.8080446154917
285.8691862132848
286.0853806518865
286.06961304641374
286.10901580881773
285.7358555432207
285.6955225009034
285.93606893275364
285.76818717612906
285.8850626058449
285.87241671833914
285.84893712881285
286.151925261097
286.03988563098324
286.1240668109387
286.09203190656194
285.93492452562214
285.97714569031564
286.0064805353516
285.9053612094924
285.89688205559196
286.02035840398077
285.98844728080866
285.91679810532014
285.8310300854633
285.9351544040696
286.07713174545705
286.071447202355
286.0598505362029
285.90281457446304
285.9840949974263
285.93693940397543
285.98938056351915
286.01977795389234
286.05648393845115
285.9096170163056
285.9399243139065
285.9722495689886
286.00433687265127
286.23571939805265
286.3489881378288
286.2904664109788
286.309527714054
286.21697374050666
286.0236464298494
286.045311805038
286.26453463981073
286.3361641465951
286.33887684157696
286.34794688193364
286.43721701546446
286.40988202244483
286.45956599509657
286.3395776986959
286.2431459232003
286.1769879913077
286.12845092167436
286.1447098982128
286.13874367237133
286.5131924342915
286.5136925183936
286.367512958019
286.5378457892955
286.3995542511452
286.5495787850698
286.6064037889667
286.45097602218664
286.3976532801308
286.4059308276215
286.41543082305174
286.45417037309034
286.482436760123
286.6775067211559
286.77003415796565
286.61974172774285
286.60948331552413
286.5010679295439
286.6046971048919
286.49990505626994
286.6591454136576
286.886705068527
286.663187460603
286.98208854520436
287.06290541899784
286.97008644544195
286.73292123071116
286.65412740263736
286.9254781857259
287.0069488780043
286.7902808041792
286.76966933350025
286.87216202736244
287.10891576146895
287.1557687492973
287.28038844761574
287.14014335246
287.02977284599666
287.041454304816
287.03132121997396
287.33682311940674
287.4058358762815
287.2153016612813
287.1951843697116
287.3163829516354
287.51264866064423
287.26784802875244
287.2487619503686
287.44847563561126
