288.318318818523
288.2800437874125
288.30321426301003
288.35570282867104
288.62073177086063
288.7244675696545
288.2582945456257
288.3031741063514
288.347350901243
288.48289915202145
288.3894055237077
288.32156000213257
288.4548578415452
288.60203402795736
288.264497859896
288.15474968418295
288.217665162948
288.30509813190645
288.5054187328501
288.6466787596438
288.484319276876
288.4861064462633
288.4486110936282
288.5428856732062
288.61395080140784
288.38857947832383
288.4348140786077
288.32409178418084
288.3786507880736
288.4457304545678
288.4341914056774
288.39657953276867
288.44771375622736
288.5663631896013
288.1975925050267
288.15004466466263
288.2525926708934
288.2910455557451
288.5002119076326
288.3557634734699
288.2767549647888
288.36528597757604
288.3699346088692
288.4411809045964
288.4692482755119
288.3990960181426
288.4204952668442
288.47223524095995
288.48530828745766
288.48867900619274
288.57785419790997
288.5881991185339
288.4534320871175
288.071568245494
288.0990566804467
288.22217931135697
288.292786810315
288.31209244618856
288.47160080214337
288.58208841734444
288.47699252362287
288.3586522918882
288.3127129939712
288.2833395323894
288.3624561538384
288.3263537015038
288.5303193821919
288.6588679431754
288.7278274110704
288.30545174408076
288.31604053557567
288.4612185409696
288.5509890368656
288.53097658109033
288.63712193226576
288.6056928164628
288.5282980079756
288.4865248612968
288.4722506679183
288.45200572438165
288.4077557795263
288.4603687708977
288.54600994531097
288.411178877089
288.5274465243136
288.560839527747
288.5969780754842
288.76416829205687
288.7022967464274
288.44888266058183
288.444244493375
288.51158404877447
288.6165996845509
288.79126223031085
288.9130608737501
288.77237270735617
288.4636995016438
288.4849961829715
288.6011779087727
288.59809042740847
288.59756900299834
288.55717850450156
288.53125768737584
288.437357747088
288.4798662804062
288.64927459845853
288.7649525958594
288.7727269499716
288.6460500630108
288.5130698154563
288.4910610460336
288.50605596780883
288.78849689451835
288.8408881936407
288.3623518819482
288.2444217183131
288.31905246373293
288.5281630093152
288.7459843125828
288.3826376250693
288.4088615396737
288.49531751746906
288.4209909214972
288.5304126306141
288.59789039685234
288.70860820968136
288.5144422613696
288.54126696709915
288.8077932189765
288.704540428778
288.50585087663455
288.51363197304767
288.75764449005965
288.71988277250966
288.914179525977
288.7297103268818
288.5548133203408
288.703481270446
288.7413590339739
288.7058946546237
288.7947726238527
288.69816120032823
288.55285485052
288.7456050395778
288.871945597102
288.5865300498337
288.51747775884087
288.6661379583976
288.6988583621662
289.0893932783375
288.99510765585603
288.9144442113715
288.875027959471
289.0638477030946
289.2259348669238
289.01908936508295
288.90025943586704
288.97677189438787
289.279815675315
289.3068133929168
288.9877943959228
288.975791061075
289.0942243049264
289.4488671872483
289.32774918550166
