288.3172735513432
288.32121824731774
288.3091497144925
288.41456366824826
288.37379940072657
288.32479531170526
288.3054902748424
288.32818400499184
288.32282715076366
288.38296126971085
288.44438627026807
288.56375517486714
288.3280898061671
288.29174426520814
288.3311073902116
288.248264759175
288.2982557770043
288.29316228165646
288.2265824484978
288.3561115379442
288.34366028257193
288.3150737710121
288.3827234597393
288.4467295362812
288.6607926712015
288.6564559138605
288.440962835793
288.3230020841728
288.4260479764627
288.49955774499114
288.44626095404
288.41313383893475
288.40721379093503
288.4774565177788
288.1757793426115
288.28835287126543
288.3961031627048
288.3244750600335
288.4657539903602
288.6656397619893
288.47831235802244
288.27976411072916
288.3458072087462
288.288199473512
288.455958312647
288.5874672187774
288.5787916651101
288.4054494857383
288.3931791168789
288.4264210515792
288.3306202037259
288.43952358442175
288.3708140090316
288.3307310844998
288.50713330255763
288.39441319975515
288.39769121671014
288.48646220740125
288.55937982444175
288.5792250016406
288.4240666752296
288.4970669279153
288.3555236663271
288.35880032266215
288.51292835058496
288.76221377785754
288.600482605659
288.236029062807
288.3483548832607
288.40863204074446
288.4545980404706
288.4796968389793
288.46458892153913
288.6023287329283
288.5246756956881
288.48816997868386
288.52343547502306
288.49247263640075
288.57112213404304
288.5642644731584
288.52296520417497
288.4940369924531
288.5606922308182
288.680030613038
288.800146902596
288.68887022844774
288.47943674781516
288.475409107043
288.5150729485727
288.4858506121863
288.52659509233115
288.5470964674407
288.5004403500123
288.6119301229949
288.7599827745483
288.6780673172051
288.4599155213006
288.39873979732215
288.32231336550984
288.3591379546716
288.47436874302133
288.490630111642
288.49847511416334
288.6368064259573
288.83614091153123
288.87827005955637
288.597112515034
288.45452293303157
288.57991069144464
288.52238303129917
288.607643080826
288.70223389364656
288.95975166971203
288.51394032195134
288.3221802984596
288.3710458898677
288.4733069808519
288.3756639831374
288.42018071855586
288.5531714782774
288.885791892019
288.78615143295946
288.57003098251175
288.4414142121976
288.58742536397733
288.79894365756184
288.92510353303345
288.50932125951437
288.52269555729146
288.5436039972443
288.6133709734255
288.6991869381246
288.8343025358013
288.95899719675805
288.6450005229669
288.34250210525465
288.45625087594993
288.5727607312951
288.7509182582315
288.99218661750365
289.0928286464879
288.88772398383935
288.50236881424024
288.53383831875254
288.6108294231487
288.77942116712194
288.9694990489248
289.19218141284017
288.9631740426524
288.7456287931779
288.7562634750958
288.94775590567025
289.05717645255993
289.23720245480337
289.41662355086686
288.90713918291755
288.7852718726982
288.9964736122732
289.2679992045178
289.29713613797844
289.39302317678886
289.08912909848203
288.98748232673586
288.98398791377605
289.08953421213124
