288.3684473411803
288.31163287521167
288.2896161385467
288.18731944684407
288.244928723017
288.4253814935977
288.44255113811204
288.49849972229805
288.51403175335116
288.47289906065936
288.4628164015687
288.4848975757751
288.294111684237
288.3824579111661
288.38496982587594
288.48324364032015
288.33457696914144
288.37921415674685
288.6331879762104
288.6403592619976
288.3837981824985
288.3734518807412
288.44877037061656
288.57544737091
288.6033577222892
288.4775930907715
288.34151698515353
288.3133268422086
288.51871108400815
288.4763962088037
288.46768505024176
288.4282049666372
288.40853598156235
288.7686369986467
288.6444976179182
288.1631673151255
288.1807036338506
288.2787412956421
288.359551864054
288.45171773474215
288.47105972305815
288.3437403604956
288.4425342698072
288.44059280668233
288.48084738159264
288.335426342088
288.440392764073
288.7378437819896
288.7974519437397
288.4918288158301
288.29087520159413
288.36764760657684
288.4900558771976
288.2926660071047
288.1836095783433
288.32283246081687
288.49246419760925
288.4063922897626
288.3406946762643
288.43149311474986
288.52664876975416
288.552608113133
288.3264468189755
288.30956356226665
288.3315641149495
288.39854397792124
288.5708840180825
288.7040139995895
288.3852727832434
288.30954535751073
288.4074394847745
288.5463919782331
288.44026578385683
288.43444823204356
288.53082953172145
288.654441880964
288.7840560213721
288.57483623705986
288.45801782236646
288.39000515184154
288.4431174675976
288.6314339186507
288.8271713382276
288.75769002215725
288.53254619562483
288.65437277850253
288.5790242634156
288.56829429198604
288.72711610256636
288.90576912527763
288.5113912366482
288.3605616394437
288.370375422817
288.5840552189408
288.82312079555777
288.73858097180033
288.4991064780488
288.55020045051316
288.6828816567067
288.65805870137
288.5497182046544
288.5710820977607
288.5973010775641
288.46739805540454
288.54270755711093
288.4891207295308
288.36529339641424
288.5254771603215
288.76697661927494
288.6551325520482
288.3208809363314
288.3359928388457
288.60577538601154
288.7054371269736
288.69813401527796
288.250926552293
288.28081395869754
288.49348734735776
288.73171518770494
288.65478091517315
288.5758678512295
288.4565938060271
288.5184370043207
288.5118965788268
288.3976489488144
288.415018520717
288.54218167518155
288.53878447497084
288.767171873083
288.8602384424739
288.69226993619213
288.46843040494656
288.5983810182833
288.7016286538237
288.76566628343306
288.5554459521521
288.493763321455
288.79241538161205
289.00385977428783
288.50004978852985
288.5602630607314
288.497955223928
288.447070815807
288.796828843313
288.51079014143767
288.4580492552752
288.4942070157452
288.8340112920731
288.83778369878047
288.88428004631544
288.97458851990547
289.11549098126676
289.00575100010997
289.0530987268738
289.2069071181113
289.36647627229166
288.95155902840384
288.83362374920483
288.93804743247586
289.22389652950585
289.1688244756009
289.0898196797271
289.16676884542716
289.3823108009095
289.37259648268184
