288.30308918322265
288.43454740203185
288.42759045112433
288.3988847199763
288.5102449064229
288.5275764701889
288.43578346093136
288.5093418625587
288.5118017520112
288.62940925047025
288.76655066266505
288.9014468157714
288.4899890291051
288.4448169945914
288.4581264652093
288.44944977409443
288.59513471957615
288.7028395237468
288.79274286417524
289.0949770884492
288.69933272463567
288.615031247731
288.74399980019956
288.7451447628854
288.76180445702244
288.759151930719
288.76477847930437
288.8030125488441
288.79283339969146
288.8935823887059
288.9062620564763
288.9627516983792
289.2943820261408
289.4033945364808
288.97098217632606
288.85133768247533
288.92017782658735
289.13893674019437
289.12661776633104
289.10002529836237
289.1639181306716
289.30123133225504
289.2913674259756
289.0397651345636
289.04687211852564
289.24289261540747
289.35236017214277
289.37760655012795
289.2201461885319
289.2290046787209
289.37017383654495
289.3519444035567
289.5452736256829
289.7790760528081
289.5084662943795
289.330842662447
289.5394551920801
289.53797232376087
289.4403164400675
289.5267497139725
289.60326471882354
289.71674402569676
289.8668702051634
289.8866120761395
289.6599208848566
289.59260461919155
289.6445087131343
289.8220096420361
289.96780002195715
290.06484635336346
289.96303880456674
289.9207222168757
289.9606412485417
290.0426910726688
290.1049816440215
290.1815475577105
289.97702439994293
289.9625568979789
290.00798828501263
290.21228144953284
290.1621828556937
290.1846809571629
290.24608024998145
290.5015937819874
290.6093667499062
290.39566567059387
290.3523752234449
290.46869688276905
290.68718598238854
290.5990674446723
290.2643986339196
290.2322379629527
290.334504016819
290.4143848722043
290.7403420615512
290.7143970055563
290.53436869749544
290.4821705201991
290.57256389437407
290.74097175490897
290.77984322382014
290.7836752610175
290.8602814714336
290.795807150651
290.70572113397094
290.8719586609222
291.0343891323821
290.7994740185666
290.9869518599552
291.0703208202957
290.91476078039676
290.77352995491816
290.91298298819964
291.06401392306014
291.10766504042067
291.29544561769234
291.3700212260364
290.9898464461451
290.9581425955698
291.22886800172023
291.50780390768244
291.5880313627042
291.33908038089226
291.4003010949237
291.5109332916717
291.6614197984804
291.6582721620284
291.6427195562006
291.53293151349806
291.6613215857
291.6918137225818
291.7855355964497
292.0546376986735
291.80470459799153
291.4630207418043
291.8012237207665
292.12738484767686
291.9083240689702
291.7678938720365
291.9955143022562
292.14409598364745
291.8337594421746
291.87026069462166
292.2396593692918
292.42271527342706
292.1113306740743
292.17174908975204
292.35277455658417
292.4965405799813
292.2365405959795
