288.09711888825393
288.1893375667838
288.35742795770676
288.2731696914624
288.24617652987877
288.3933828193534
288.39101348158874
288.2516830698741
288.385174974826
288.54263581044285
288.5063902125066
288.43680112592943
288.33171995981223
288.44179398370335
288.54794246532833
288.3755035176363
288.360181340297
288.2977748941214
288.28691036084933
288.53221393768774
288.57632339264495
288.3357803592958
288.28801910242146
288.31335589631277
288.3843861333546
288.31067329251033
288.52603133787034
288.71811929675874
288.5397652506311
288.35215083623694
288.40403610468474
288.40311037799853
288.43609624109075
288.6318504254382
288.3873954928194
288.374221534217
288.22048875144714
288.1121841007867
288.16887764190176
288.35219500524573
288.41822850449563
288.3432471401958
288.40149115874453
288.4139467231678
288.3832202060697
288.3470207699085
288.4493332327821
288.4569580485399
288.46882219116424
288.4229556373278
288.3092882131507
288.36968037904563
288.5501876844056
288.46732627937905
288.18538710016804
288.2635061689595
288.40581437435753
288.42212466980004
288.46535996692364
288.5735591094021
288.43657622600233
288.3841601892937
288.36427044483986
288.22104838148925
288.21352467697966
288.28315994309133
288.33894304072624
288.5491377131694
288.5947485115739
288.4496579218405
288.54671718072785
288.49945248252794
288.59255448029836
288.66237904171436
288.70071640678384
288.6057360192686
288.5470067679744
288.6306321147691
288.5590344572958
288.7209635792163
288.8866210233508
288.82568950064734
288.3974503903287
288.3274125905875
288.433020673981
288.4359841661416
288.56447872416464
288.8757015225193
288.7304184990187
288.46438943089123
288.44032687563055
288.4032415853675
288.48881655843746
288.7450037773187
288.8706208821247
288.4856685685816
288.4394064646846
288.40589603237225
288.64981862323646
288.69396989264976
288.4985121096382
288.5353004783032
288.58320475248325
288.56266820883394
288.6716279555499
288.9227744221198
288.6647445139391
288.4358048416539
288.47532908735917
288.5060222623585
288.7290920015372
288.71452280035766
288.61849621486317
288.426627271094
288.45307408726796
288.53241347472675
288.78485406375125
288.6836050596973
288.3756112985276
288.3670394884916
288.45418011412244
288.55491774987587
288.64500599806803
288.9002613913164
288.74633625334997
288.52924682505693
288.55227721899035
288.6088652424791
288.5055564619748
288.7458611673997
289.0529618511885
288.84038595562066
288.5204437345683
288.45441303597636
288.5511245159363
288.64478038824103
288.62592661468415
288.6793327530227
288.5945334544991
288.6478687558663
288.6092593452991
288.70178781903485
288.7505752259074
288.79452773809936
288.5643709541844
288.6265896872439
288.82655069777627
289.0247098627238
289.1964339265122
288.892306911543
288.9125210511949
288.9402708181401
288.99948029167103
289.077828838449
289.1291840752272
289.22133646502533
289.227699447306
288.98527709364555
289.00031128668536
289.11632947715145
289.27661896766347
289.1976637482284
289.0801664931492
289.0873392354324
289.15740682473967
