288.2560483140481
288.29029184918056
288.3569545136888
288.4071923848734
288.29425193576554
288.267318242754
288.40604668360066
288.5295077288049
288.5360389976159
288.5219405421988
288.52802718728327
288.3964408081844
288.3419648239878
288.246547796366
288.295843467774
288.33785346092156
288.32254223264823
288.4267541656437
288.37016747542117
288.3206783666544
288.41626230713945
288.4047934162119
288.4110297381431
288.47116573781335
288.583534260274
288.4791695229359
288.3449973007025
288.38057998006025
288.4102745893536
288.63186792036635
288.4637791744061
288.2680658794042
288.3533123093736
288.45347346036164
288.3644877433999
288.20766758471325
288.10035649487475
288.1509325950086
288.314190086668
288.35495951114297
288.33448414471803
288.28367033579366
288.45909871733306
288.7148039116352
288.55350339525387
288.3167142070542
288.4438433093654
288.4833312701434
288.5417137315417
288.6511642089895
288.5243230715742
288.37255644198484
288.31039688511026
288.20146918404623
288.5312520368185
288.6089870759136
288.2220913297097
288.20314634459737
288.36073960258653
288.3134850112937
288.36985266431265
288.44418489938073
288.5809743469114
288.6402428887046
288.26146025865614
288.14398626882445
288.1881902646945
288.40124064084074
288.4152804584459
288.60484970221364
288.52419945197755
288.5019639209908
288.6325190443661
288.49179077171596
288.3981477560911
288.4249489929335
288.50048477063297
288.6447997497101
288.61540700833524
288.6297971841471
288.7055902748154
288.65429246046057
288.54765990622076
288.63601637279993
288.5451759025387
288.52767887522555
288.73744372159865
288.85503341690253
288.89979845934835
288.45008772269944
288.2931344508664
288.24070528372846
288.46687771038876
288.90832161361163
288.67498108230524
288.4133571137311
288.45805892623036
288.5306584882576
288.8020921185417
288.8247701001268
288.4790381922352
288.38260714513115
288.5122186567265
288.68403430272167
288.83395507562125
288.5541670184701
288.4071114913439
288.47473198002797
288.69103865768227
288.85329731819115
288.7476750009543
288.4472746725222
288.4108706938173
288.4618494730719
288.58013135847165
288.29017557913767
288.3617405722246
288.48309595379664
288.4185896124963
288.56638751695186
288.6026188358908
288.67739081750784
288.73453085620434
288.5418194871186
288.36003566535004
288.53805668290505
288.90108435864465
288.6811233130149
288.3984278502305
288.280842668977
288.46153483171986
288.66822892164924
288.9724457416663
288.5039843481507
288.39608278544756
288.5950328371847
288.70748087407077
289.006014438201
289.107876184754
288.84802060770977
288.7705564690403
288.69594725162517
288.6746654269751
288.5701534502334
288.55889003396055
288.64613780292933
288.7711884600686
288.95648232073665
288.967684167505
288.97095397890587
289.01479179950127
289.15355629247193
289.22205731650007
289.11408192945254
288.9789565790294
288.9602576526305
289.12612353402415
289.35391395111196
288.9510054290865
288.81872888003755
288.9002250172412
289.1186075642072
289.40447719780985
289.50238965083616
289.03280283439744
