288.3082658710949
288.2937593042327
288.30303332787884
288.33283124822395
288.54418604662436
288.5056901389279
288.4673941253166
288.2826195943889
288.20627627663816
288.31870449309196
288.49938736061983
288.5187622405612
288.0742181878805
288.04620200324166
288.22655505128415
288.4454087113124
288.50524365240403
288.30305877622294
288.291940060862
288.2809635873542
288.2713247293121
288.1863329373527
288.3419696846019
288.71978314028485
288.41677669406135
288.24911797699116
288.35182502800785
288.4032593230875
288.36010995918946
288.4883074186929
288.6508295196898
288.3563710912418
288.2914386092606
288.2194142934644
288.05386503141426
288.1356227249362
288.20175545942624
288.2669514471362
288.258561616319
288.25749607015683
288.3283614941415
288.2428227749355
288.357130652491
288.4051101639996
288.47863680903174
288.6740546960105
288.5422673361585
288.3899540122473
288.3139424191646
288.4304513003469
288.7066912364803
288.5973309933299
288.378266164961
288.11120392280355
288.23430839970024
288.35795310636365
288.483392481366
288.57522792909236
288.5287279101386
288.2826344835622
288.39459015491497
288.59176162514063
288.5049432292657
288.29868336015306
288.28263073269216
288.44658810101294
288.4148117362412
288.5089753534157
288.71807690729054
288.6452702472752
288.5110135101426
288.45665932367916
288.50056036841966
288.43295057443356
288.5517251526534
288.738789714211
288.6973620752818
288.5733327442204
288.53345833269054
288.66092281788286
288.75850237147546
288.79324244554
288.5585447399828
288.64347690598817
288.72414960209477
288.5241658029171
288.51629175176214
288.6372129232194
288.73303562636534
288.6599643681603
288.73691041901327
288.917750186042
288.7277925189909
288.67277059186887
288.75966499386993
288.8607183777941
288.9119913701759
288.6229559671328
288.5202966139491
288.57362077637976
288.65868007826396
288.60241651756996
288.7174421130582
288.82017782411185
288.9687933655988
288.50410597707213
288.37723332805245
288.4024642674904
288.59357905963174
288.69545913732867
288.90651756680325
288.86130486700836
288.65435948478546
288.7706974144791
288.66278742052555
288.43247949381475
288.44429675273545
288.4404312130789
288.4964896991377
288.5010393660658
288.5153091897715
288.5148923702897
288.6517722718624
288.81773350631954
289.023369503373
288.61288826490164
288.5620242542256
288.60973989237436
288.6307814944982
288.71107359314186
288.88763890577843
288.84374723731236
288.8189527321353
288.80143725598026
288.82136928047254
288.68833992141043
288.70665212972744
288.684405676802
288.8611552187904
289.2011568486624
288.7521460587771
288.51881627404197
288.44452463573344
288.68020570729493
288.748718203904
288.8272368574601
288.7815107762198
288.84146311352407
289.0701146389773
289.3076333876599
288.9034242028221
288.79762904133963
288.9588686014951
289.1680509132236
289.39218798759464
289.3713060560845
288.9647482810875
288.8989534190678
289.1452132550844
289.1657895514761
289.0863277198226
288.9179252326978
289.0947113129793
289.09810613809515
289.1343677016648
