289.2846632026217
289.95393899227884
290.4292158801105
290.81746239489996
291.1541394118497
291.1093482504543
290.92897989285655
291.0065869891702
291.47392949691186
291.59744101124596
291.3004171902641
291.28692027963604
291.34036659566533
291.7987395624394
291.68430652709367
291.52788752531586
291.4281447252004
291.5851670322017
291.8770981345082
291.99085631953545
291.54051622823624
291.6016821330167
291.7672151525431
292.0281848036584
291.8793336630095
291.7030411355189
291.7130724077309
291.7478049560535
291.97922305449464
292.0188154435078
291.62658143124816
291.7136422286126
291.9917625805709
292.3327026646357
292.0454354801544
291.8463714086564
291.92293121366566
292.04186443043255
292.2166935963392
292.00053881864403
291.86848997850365
292.01945372149174
292.18797107964485
291.9240299804211
291.9552444064051
292.08570990066937
292.0157929653778
291.8859946305149
291.9996456427722
292.30351858160327
292.061100604173
292.10494168948617
292.3404406077845
292.2671515171769
291.82194401446174
291.7713935242371
291.9144840792663
291.98125984725
292.2184066180921
292.24116470169844
292.369759635762
292.2903103799183
292.15630935747765
291.89719914732586
291.97093733760113
292.2842979662523
292.4229699842151
292.10313207749374
292.0992524945459
292.28870875990225
292.25743564665225
291.9436667112496
291.9955702386581
292.2286864186616
292.2245593038586
291.90853944917785
291.9635853026413
292.1714725796918
292.55588972378865
292.3163888467829
291.87012278865177
291.9236474146896
292.2241357332714
292.23797932047853
291.9273298218712
291.93684070549676
292.13112225026936
292.4262355646819
292.169741808878
292.1143372425822
292.30418029540635
292.46714402050196
292.1308742806893
292.08498844995466
292.40438914593665
292.3472877223506
292.2796006807864
292.25853471836
292.1102343669418
292.20322488266015
292.403338511083
292.0843517568428
292.09523964973863
292.38247289201803
292.4081643223323
292.01495979356
292.0997223138863
292.3323609741349
292.4928123632602
292.1506537404416
292.0896550607432
292.27004314679084
292.58414867100043
292.506511339934
292.1828543631563
292.18858434240974
292.3612819249972
292.5351458180714
292.2385179708225
292.1666002605398
292.41528386775474
292.5767405601811
292.24157496369935
292.0737266281684
292.2257759686116
292.34783179411795
292.35143128941445
292.49205552061954
292.12780241516987
292.1813074104121
292.3450757381106
292.5100890887185
292.3144536405779
292.2460013070767
292.2229357876031
292.49574122578014
292.53029675033196
292.20778260483485
292.1807352683527
292.4544263390957
292.51469208334305
292.17334561886247
292.1519815635602
292.3480806897072
292.497513237599
292.26197927353195
292.3088206371489
292.62040202261477
292.47046843569336
292.1831705495083
