288.35784471798246
288.5545606388819
288.6864282153922
288.33506757103163
288.294805876962
288.2997022109419
288.51473812449547
288.7612961548967
288.70066414494914
288.4219227722798
288.56214366230057
288.55451766962267
288.40899871647446
288.32269091257297
288.4951872571568
288.47188928614116
288.32421587433345
288.32886048318335
288.3790291302078
288.4662848448877
288.562931488027
288.53588480401277
288.59142777670775
288.59200751833475
288.6462182827957
288.86363745866186
288.38073871048584
288.22716969411937
288.40231966836734
288.4117571651452
288.549957336964
288.5448014390983
288.39566366635427
288.37738077325514
288.2349040437237
288.38629095468275
288.3283561466934
288.28766788425656
288.32787501763283
288.2795437075166
288.3032722415446
288.44339734314656
288.4942330546999
288.5671279643365
288.4380141640392
288.4102677063523
288.420706259744
288.5604005891646
288.4922548770307
288.4300436091215
288.3935500887476
288.3863702016009
288.3792196710864
288.3184068016584
288.4621925175496
288.39605503870456
288.3275262563638
288.3591338472156
288.41295401776995
288.48162596707283
288.46079843167126
288.38673764142106
288.5470107448971
288.64270271578437
288.39479288748464
288.35602798396246
288.37423649902206
288.3591327987418
288.2858704129596
288.2576609037577
288.3721590787919
288.60296170659166
288.81157587386826
288.86571856036363
288.34596195153733
288.36770441877536
288.5610352418611
288.72500551891244
288.8421825035081
288.64052558045717
288.2651552251056
288.2886871515568
288.4470234180226
288.5734453216515
288.85483242560997
288.6413895937232
288.41902586963545
288.4127127091653
288.633897815353
288.97977487085933
288.7162028900757
288.5366327638225
288.57892550007085
288.6789392922769
288.728653839836
288.6194851107576
288.47629659692933
288.5497104774014
288.7852894851455
288.9523998068552
288.52300727908334
288.44469244403365
288.32783129728296
288.5100487019931
288.4930791171599
288.6183348467155
288.5914590072721
288.6138142870641
288.66335592665104
288.8781659426672
288.614018045873
288.60708649177235
288.73877562589433
288.81557785988923
288.39010516697425
288.2282853379068
288.4040428082639
288.60106972567934
288.73321223522834
288.9454201437979
288.63925603085033
288.46018452937653
288.4958614430767
288.65472292406537
288.7063196708617
288.486412331496
288.51292898167816
288.67290572820303
288.92859735852505
288.5607459268312
288.4753312157994
288.4753385417512
288.5250832203534
288.499569350207
288.7120529641009
288.8652539191885
288.7429301156319
288.6083932950522
288.74638002666603
288.8003208325578
289.0143256477457
288.9004044082713
288.4022835506862
288.3939408417101
288.5449994447267
288.76425399934556
288.9747868685498
288.9798603666504
288.9487234311941
288.8952508816978
288.9667329274397
289.22883742410403
289.2446054466431
289.1707637728503
288.9604060032478
288.870548552101
288.93134369753284
289.00081861268825
289.13149506037513
289.4290624770527
289.09851214508996
288.8908788947579
289.0203915441339
289.325681012946
289.4549254150381
