288.31704430674336
288.2951064556566
288.3043244169338
288.32021210872233
288.3646340339463
288.39628626454964
288.40631780468743
288.5649590712446
288.61341023213305
288.43891580865636
288.4031591086064
288.4507129249062
288.53466759772215
288.57198600427733
288.47897131289056
288.3213720261735
288.35780079729244
288.5126508562745
288.5228892607006
288.56415711269847
288.4671761606283
288.5338420925698
288.5587765864706
288.5684135930704
288.4648367945442
288.32419675621793
288.3916449693404
288.5025187805694
288.57663960424117
288.64432201834194
288.65294660039484
288.5701700620936
288.4388064124236
288.27586516523013
288.17742980409486
288.5064162573728
288.72589782920824
288.1373359482937
288.10637538611667
288.2299622391186
288.31981297445986
288.46760001872195
288.4672581249521
288.42082758856236
288.3798602798642
288.4948381720533
288.4120374130304
288.33356040032737
288.3134655413072
288.3866816193617
288.4560956439058
288.46674471056326
288.337092605452
288.129627503129
288.3666119666128
288.44942852769066
288.3593456117125
288.4104023041794
288.52603840192165
288.50455333785806
288.441284361782
288.3882692181352
288.3341523548246
288.25151476719685
288.3081202655497
288.4096609168557
288.41020225812787
288.39392474499596
288.4827161899302
288.52190920920134
288.5496769825747
288.4989840687934
288.34242227601914
288.2136446827489
288.3492401799117
288.45266693580237
288.3282221965865
288.3746654183116
288.4831264329928
288.6484284704095
288.70459371409663
288.39467539331355
288.4267132067932
288.51068814907984
288.62133951315974
288.6732058215159
288.85778050007644
288.91134004976857
288.5972260392246
288.3989987488512
288.4150795491682
288.4609890240298
288.56537097719297
288.8064547349144
288.9072374905686
288.7434875423509
288.6948962949614
288.72999447170565
288.81224157442233
288.9987229036859
288.8584594824033
288.5626791319942
288.54087552156597
288.5437928144894
288.6673335255361
288.71490616396335
288.70061857735936
288.7346110792101
288.627454444112
288.4184858616705
288.496976000369
288.5071898435496
288.5932937441823
288.50262419712783
288.3431888641381
288.4522225851297
288.5095402975822
288.4237747786847
288.5048516913655
288.54408013721553
288.6961670367681
288.54148059330845
288.45440090720575
288.52973985282694
288.53785887305503
288.5863991486277
288.48828440260263
288.4125452313089
288.5742259724302
288.62119137679895
288.6095732794124
288.7647697185357
288.89526659583873
288.9015603628054
288.75859161224594
288.6838117562478
288.6384507636929
288.80690178169465
288.8376242904507
288.76164402671964
288.7679338966274
289.0282593109615
288.7565978161542
288.3957862007408
288.4679586015293
288.6088197774335
288.6309966681312
288.7402781921964
288.8219096559111
288.87566850274544
289.180567451236
289.18794315983035
289.019546213793
289.07451923960775
289.3882357212915
289.2733727994761
289.0623321409277
289.15828807204997
289.23568915978285
289.17597053470956
289.3448897767072
289.38195845507556
289.1829140905833
288.94198422071054
288.9226869979278
