288.3174345509793
288.4529429319147
288.4789091068759
288.43210229554967
288.6396961596527
288.75862989273975
288.26742160903774
288.1251375720399
288.1648178052033
288.2963944957113
288.51856066795057
288.64456393190153
288.3564853393035
288.15850681273025
288.2154369168854
288.2824765702786
288.10982807879736
288.20569642530825
288.3084083365043
288.3763790303921
288.4066808920219
288.4364388517402
288.4293365635542
288.4391500595241
288.55999353715265
288.55407777876036
288.4306351828457
288.1690833816478
288.32310011136485
288.43839635849474
288.4312055151098
288.47470782087316
288.3950328585379
288.39356107139895
288.41513300148864
288.53413301083634
288.4285152412403
288.2952225441802
288.2782451978395
288.45864767904396
288.5150219014936
288.399575984341
288.38504112919213
288.60429829897885
288.7148492202725
288.3949829205675
288.2326712038613
288.21666022494793
288.40479794135376
288.38957254476935
288.37393860116657
288.3117604243961
288.4112310476112
288.45636653519284
288.2393451426827
288.3142576440109
288.4689413519344
288.4181673314756
288.2802804438175
288.208622114508
288.22772384541105
288.16658494609374
288.22391793952966
288.4020093918875
288.529090150158
288.32605909819455
288.17962879877746
288.20338009025886
288.3913059924729
288.3683410928179
288.2754969314726
288.31230385730794
288.3058088573504
288.23756416158227
288.28243124859415
288.3864885325061
288.5634311634398
288.2823092858618
288.32915076536375
288.39960699932874
288.40275893629314
288.4105291753836
288.4967911722694
288.23682176785087
288.23811894764515
288.2564619542482
288.29563185773856
288.3473889199113
288.30663326911264
288.2713131082608
288.58308825654774
288.7378818836521
288.39425565712355
288.2605034020958
288.3467434047414
288.3978382386489
288.41365095538663
288.2140131881832
288.14603873628295
288.3342214334283
288.43399914228814
288.31429801878807
288.2977425956535
288.1714399928279
288.2919863877685
288.3129534210027
288.343141738338
288.2915334264019
288.31482801272136
288.3985119701801
288.29031145934556
288.3252357896214
288.30656567954617
288.4672157724228
288.5825390131671
288.6010282057153
288.39443090377495
288.23184610681955
288.4010019115439
288.38912138499603
288.23979502090646
288.2074600767758
288.2832270656191
288.37585166186926
288.33183970839696
288.3376957846163
288.2821857865042
288.27941744763757
288.4973880102684
288.3331762794722
288.19010722873446
288.282125055461
288.5606983482868
288.41134069517034
288.11411331051727
288.1925688062801
288.1797084952216
288.2135349184881
288.37979877006325
288.3377798884162
288.25440803004443
288.35158003785375
288.2617991142113
288.17740122571064
288.2775456688618
288.26375220670496
288.2245299705173
288.416104735285
288.46872433281715
288.5155060086267
288.32666902789003
288.1089440526166
288.2857010565735
288.34714179520074
288.30473477687656
288.33264074924165
288.3833799943132
288.4420453808907
288.59602829853696
288.50764395970765
288.2694911161716
288.2393087505335
288.39539385159424
288.4299277667516
288.3296517844295
288.2906669738282
288.26668654277313
288.2085351794416
288.3067263777551
288.3448903006804
288.3657208899073
288.33330866542866
288.6073533167444
288.3926383623361
288.14887721415136
288.2291059736018
288.35883064303584
288.3660377402514
288.25399838906054
288.20695352486456
288.07995466310877
288.145593010225
288.22216367732705
288.22394135774323
288.3579419154799
288.5196542128935
288.2952024141298
288.30425694163466
288.44745069830617
288.32102024602125
288.28209870045345
288.3398647464533
288.4310781368546
288.52907617417935
288.5320276384274
288.39113619416634
288.33735635898563
288.4177606537675
288.41434553727953
288.3239562480201
288.35626951187834
288.3217963593218
288.33021771524153
288.46487892682705
288.60049256971007
288.3716960431033
288.14469921324525
288.184649057571
288.1284658938851
288.2823455472724
288.32455396343045
288.2381757075712
288.31520740625047
288.3234657181971
288.43790338053253
288.50150177859217
288.6071540078918
288.70254782441816
288.27175049179743
288.09642754416706
288.160670567522
288.28588099291744
288.3170643124026
288.5038808933321
288.67158474563365
288.3942551725536
288.2633053870122
288.3445522322209
288.4473775086393
288.50164028068184
288.4203405669741
288.0936958850373
288.1410780546629
288.2993307804493
288.3512522834138
288.4169317667968
288.3694822539813
288.36071139909603
288.3652421779257
288.41220345913194
288.32134873393807
288.3308567279633
288.4047760935974
288.38117982779863
288.4056870669958
288.4128510781388
288.4755487069237
288.45385330708626
288.3720133986332
288.4823299558645
288.54237694409926
288.2036372277057
288.3485926069451
288.45377961343763
288.4158740359496
288.39975157411675
288.53813459241707
288.52617636371514
288.38002058093156
288.3340735142233
288.4205534318506
288.24371743544555
288.25066552786046
288.45944085701586
288.7388203756183
288.2753894824267
288.1142860223354
288.29485820610836
288.3668957440091
288.3075634785964
288.3569713451893
288.4945650547069
288.72689349736976
288.40930677213487
288.1433684086549
288.21159367006544
288.3938517945967
288.43772413886177
288.51632496231963
288.54047387711637
288.6568417551019
288.58146278786666
288.3680588407923
288.3107566629453
288.37374551688634
288.4611363537222
288.45413354577875
288.43923530778034
288.6389649488659
288.5897529159574
288.2712229939397
288.19495967862827
288.1990974763104
288.14644399446377
288.1494606677172
288.1962468512731
288.2919118092345
288.2189941526354
288.3971559035266
288.61400124264975
288.5615986188529
288.22467726945763
288.12919471587975
288.12422787260425
288.2490411106115
288.3818621409192
288.5106343434993
288.4707498633353
288.25559564210124
288.2247487221865
288.4933097721952
288.4760778490875
288.35095205587817
288.3616370871294
288.2999222280845
288.2794317312543
288.27799217800657
288.3890990052689
288.3768766335318
288.2826079172113
288.519738177582
288.42380676542047
288.34539862050036
288.3582266725296
288.35950049100325
288.33780322382955
288.24334092289484
288.4268931931002
288.51995203090144
288.4342016553121
288.29945655456714
288.3257620819235
288.5367583081729
288.5543879587324
288.2237476644026
288.1620570330936
288.22485640783145
288.27656802833485
288.38754863958735
288.3196678357137
288.28400365061253
288.49802023005174
288.6487874110094
288.30789935176443
288.1234910068573
288.2170258849329
288.2755312556167
288.403148607876
288.23296716221483
288.25567854217974
288.2910139104471
288.28316141204044
288.31377581261034
288.2411050471791
288.33926841843765
288.24334268791415
288.094381853338
288.2417568514946
288.4897155161965
288.43177487283515
288.3453610149155
288.3161347865152
288.31390760472783
288.29540997925506
288.45695107394783
288.332176466597
288.3697857513551
288.35509535421716
288.4841741378675
288.58877579201146
288.20955272161086
288.1960907598782
288.3399290499902
288.32836082279556
288.3205182296863
288.3259088787234
288.44803439551424
288.4919969543698
288.4827871252922
288.3549621531935
288.33963546253534
288.4303235826477
288.4741541953447
288.4090756136131
288.4878443454031
288.5308467495839
288.41357153035534
288.4334189327829
288.3742475419166
288.34754724894583
288.2735945218839
288.34114413655857
288.3757331166259
288.24792112262963
288.17516033955826
288.2116250868779
288.3150499557415
288.3707727609961
288.3711389793064
288.3526648277442
288.476834462809
288.4376959995819
288.34775091733434
288.2768560992177
288.34036264293536
288.2896938045283
288.34208753296093
288.279198648086
288.3892026979416
288.5151795954542
288.5290602572641
288.51005570140865
288.3124058356953
288.34565542541833
288.4146460491482
288.4848818195673
288.58427518559773
288.44475126668067
288.36361835059785
288.3618158199239
288.4539261655312
288.32341565966095
288.18426700321254
288.22181400062135
288.4290458195396
288.48808638206447
288.30662604431114
288.273324269658
288.1938395435842
288.2570370859836
288.3660145652654
288.36216526914365
288.27037240178487
288.32204812792844
288.3494613235774
288.43293149266486
288.4819944227822
288.42408358314685
288.149191810919
288.0612043156101
288.1002972272236
288.1579837248586
288.1507610659372
288.3043110941351
288.2510364474335
288.3044982916642
288.27204924085385
288.2353756049187
288.2618062610688
288.2303855989033
288.3584492318999
288.2814639245462
288.19244557303534
288.2465425912026
288.19295225864875
288.30606110002424
288.27653999414053
288.2956766321721
288.30831982378044
288.26776413370766
288.278797735914
288.29314689105354
288.5905575004767
288.6393754710691
288.24844070225635
288.1776078390502
288.0877569651737
288.2495632441853
288.4460025348175
288.439976767853
288.4335366219425
288.4771295185186
288.3839199901195
288.28241012355386
288.3885543818571
288.2972742429808
288.13474960519846
288.3193100543605
288.50968331814954
288.37657107177847
288.1488650035121
288.2582171583466
288.16234230635877
288.2176417883007
288.29296983498585
288.5235108112233
288.55362825262296
288.4368325428166
288.2677853613708
288.29011470401224
288.3959398560633
288.38305321983756
288.43576839862885
288.45886117227275
288.3583339339667
288.3080427811804
288.3596515815888
288.44902420017064
288.32479891792593
288.26968789593093
288.452976336968
288.63841091791943
288.5973800293412
288.464025470306
288.2767880243434
288.3258814503176
288.29527787625005
288.3216324763958
288.4554386658704
288.3552205487439
288.27178432900075
288.1771185467284
288.36405499326787
288.3096334196202
288.3671590477372
288.4098591437817
288.27440844177454
288.2322291202756
288.25586589876326
288.3838595751836
288.36178356849626
288.28563960632766
288.26950406417404
288.28248232294555
288.3762744573678
288.35601745559103
288.33901744170095
288.3631418320384
288.3881901652361
288.3453293065089
288.27914416419054
288.2145807946304
288.2945308336578
288.31379522321157
288.3683397677233
288.3724772382377
288.4454316511553
288.4087667680975
288.3902378090394
288.4977253028794
288.4192840110662
288.3189686026038
288.31215864600824
288.4821270801745
288.6171204901317
288.436232395896
288.2179136833525
288.39546054721586
288.61189098408494
288.6549813325063
288.3001475831673
288.2298951889986
288.34124733335705
288.28901769121677
288.3587145963685
288.3951198032403
288.35520936608594
288.5621431768289
288.62369884456456
288.3188480951338
288.25924854666374
288.37705764159875
288.43648175679175
288.5322491805857
288.3484297794709
288.32450294062556
288.21797370406466
288.4029428128823
288.4648747732323
288.43683393866905
288.3809304127355
288.38420074265315
288.45211450522976
288.38713142582014
288.3973334868428
288.41030898336385
288.5142114028985
288.54064338192325
288.3610004686646
288.33731038874544
288.4393465465549
288.4747299903633
288.3223770768193
288.2868356462063
288.3010476578037
288.27566132611355
288.3346286558441
288.5188695561472
288.55960562447507
288.1863277751639
288.182069277104
288.29440936257413
288.3042477455603
288.44031221177164
288.64241927663505
288.32867791537524
288.19509746909625
288.15203361172195
288.354092983447
288.32081986976146
288.3449534254205
288.3037463099479
288.42615915784233
288.4694147621467
288.3542676663239
288.38137548380973
288.32815444604483
288.35328070878364
288.4115688762476
288.42528590050995
288.37567764245244
288.4529233125914
288.4745741478286
288.4793517701189
288.3940421897901
288.3490646777863
288.2865741183588
288.2503985678494
288.3892926089718
288.46547968529603
288.4019055528045
288.4608405408611
288.48992502161747
288.3789624964531
288.5170155179221
288.5513353282659
288.5836722566207
288.5764649148911
288.4698955432349
288.38202276610446
288.4575657881329
288.6722615713533
288.5406410544909
288.3487093013075
288.3566236403326
288.43196869919393
288.50734276696215
288.47658927006205
288.5124607461327
288.44814034395904
288.2691226906687
288.35290147317016
288.47623802870515
288.45254308931175
288.30325424381397
288.29367966272434
288.40979283285265
288.58231732584954
288.5970705024535
288.51240909824213
288.5567677893908
288.36807465314814
288.2129111380429
288.1278157586433
288.3020212977989
288.40121258563676
288.53757879329754
288.5300172569382
288.4285441641961
288.54923050713893
288.5345063037234
288.32556747520147
288.27592107333663
288.2922821003328
288.3027555942618
288.3399058273175
288.61856050884165
288.6728709511844
288.4283629231141
288.2625933346447
288.2489905276402
288.37124177808715
288.5581285808921
288.7992291882033
288.6722797808489
288.4304970600541
288.337959847247
288.35283982688384
288.36581483405143
288.4187665256402
288.52467769451994
288.7889202587531
288.5582564480325
288.24349760809616
288.28073801896403
288.27495502666136
288.3949533812546
288.59284130992194
288.5732106437894
288.39090076464726
288.26170627182415
288.4295635936735
288.59302493061716
288.46779704449295
288.28932002513176
288.35937560094976
288.4045592111207
288.4053040262945
288.4410676069836
288.3969641532702
288.3743928825484
288.41637373519137
288.41456103463986
288.47954970996545
288.52872059342457
288.42302397303536
288.399520487243
288.33700300923124
288.5321474875621
288.42366573263365
288.27281250667875
288.4675032305713
288.73231127471246
288.5295200887482
288.30756562653926
288.42185756016084
288.52499468875476
288.66709391559374
288.7858488726781
288.4126632260962
288.22241337344286
288.2312013430271
288.40469251242934
288.3683121613066
288.3781487436737
288.3805935702272
288.60585072981047
288.4783516578808
288.3024504502399
288.32179164880404
288.41422711214665
288.4078132388478
288.26399665888846
288.2566847650691
288.21718881242356
288.40333807935804
288.51701126841925
288.5270635349919
288.31237338575755
288.2227628890125
288.23159594676105
288.3416966336414
288.3762388774224
288.37048449035933
288.4485655370664
288.5045905673131
288.3567733024692
288.4660612309739
288.4273094095664
288.3063472823446
288.17572304386454
288.2970230245138
288.57188801195935
288.6062893404367
288.48553070401505
288.3793431975586
288.58312693555723
288.67904852896174
288.6510657759834
288.25107868111485
288.2221325878403
288.32968131698823
288.5531676824615
288.5639113989267
288.33484616172194
288.27819160405573
288.31545701978456
288.42097335832796
288.3446990976776
288.3317583456151
288.6433144353581
288.5979268291136
288.3653833160609
288.25568696342447
288.53385861172495
288.8523131742319
288.70752429948124
288.25614525947026
288.2341735297518
288.2403956548528
288.37540340032336
288.50288850377757
288.3898315007427
288.3036487731131
288.47050213018366
288.3933739089577
288.278682611025
288.35794055497007
288.41471053393474
288.3387936767931
288.4140642187585
288.41103010543645
288.5112710282155
288.50635921100155
288.48588315633896
288.41065241679144
288.3446067859408
288.36855886164483
288.5276844558914
288.38389766907005
