288.63029201746326
288.71041786115825
288.38251519661054
288.22933826264426
288.27333265411477
288.4132879756524
288.41795706599936
288.37031401844365
288.2724651300663
288.26455126394825
288.3164323140294
288.4642645642069
288.52896720745775
288.52303181833304
288.3760239631767
288.2617318053852
288.3576655536755
288.4347325909616
288.3617334045213
288.396540298464
288.5019692712299
288.7216010208922
288.5075003816445
288.35090549738754
288.33246857145775
288.4832177503902
288.51271158117873
288.55124344013745
288.6797288111535
288.5103898428877
288.2597735916231
288.3527525758259
288.36966450893215
288.4332136519788
288.27522599891705
288.4943353414682
288.34623195915105
288.2165459043978
288.33267822489046
288.35712634134336
288.4837415338987
288.5669768282159
288.39953396192965
288.34243088436824
288.2804980709978
288.4011827042252
288.5210107160899
288.54098950244105
288.47386842806145
288.5228663694796
288.65279799660107
288.65398859280884
288.27949410623023
288.0847364769405
288.1376265027559
288.25804553781126
288.4682554118289
288.508997572436
288.3832165895142
288.31403651845585
288.28745877881965
288.3864869695853
288.2963321256891
288.29121618191544
288.32238741618596
288.4353453891668
288.45974833442165
288.48822666091974
288.58076310812294
288.56361364249113
288.6100824431488
288.68333319140527
288.4594043061884
288.3509385022985
288.6115125273179
288.60199911132145
288.5253397818078
288.57639084778543
288.8789289616432
288.5452502548724
288.3283612958411
288.46300756775673
288.57610203130565
288.6228818317651
288.6443692994282
288.5462746727982
288.5564520528441
288.7649260467539
288.59269694433425
288.48266837232086
288.5115689629942
288.5794862282181
288.60716406284286
288.6181830245977
288.5595760353856
288.6668326904483
288.57300639604955
288.5562920980339
288.64803612027237
288.8393847191683
289.024625084524
288.50899676341845
288.31234879591875
288.39566118558025
288.668297803164
288.94991485494853
288.70617933200987
288.49769401246806
288.5660005034818
288.6745825673953
288.7445570540836
288.80407237237347
288.75662602245956
288.4452440521514
288.3456241167271
288.43932051367
288.45328876474395
288.4477550777806
288.7124621822272
288.6569400504503
288.4008700154169
288.3052551264608
288.3814907834022
288.63101865376717
288.7548109634072
288.38785247392366
288.32014824517876
288.40638128255006
288.71906522412837
289.01300646532695
288.6181187283942
288.53754082257115
288.64444663430373
288.6256727746354
288.67400648063915
288.86959122569425
288.9832094746711
288.5708102121178
288.5719751478417
288.7137830041708
289.02532402612485
289.06659903217053
288.6038263627369
288.69244089926815
288.9827838613567
288.76697808054223
288.5679045810683
288.590944786012
288.79101186289154
289.15287013057116
289.03405768826354
288.7508559708975
288.8527668127637
288.95256315890316
289.0935603493249
289.3797537187127
289.2504539554302
288.85106026423614
288.8269724699854
289.24013577698514
289.42245480361146
289.1511186622727
289.0114164349334
289.00886781526106
289.19629656104377
