288.45863074331413
288.3957287495039
288.4293758500789
288.4002887257658
288.44150925704196
288.4699864502942
288.3741604377287
288.43441921536834
288.53448003891987
288.6912032875522
288.55053566060207
288.25929267875597
288.1327147772362
288.305396901315
288.32942949438666
288.3421543372642
288.44835234377786
288.5400318281041
288.3831884934359
288.3529020583769
288.2662534376472
288.3142574059083
288.34026350714873
288.375319900193
288.50614644211714
288.7080911622046
288.57603654284753
288.33896976487836
288.3467300043235
288.58326184805077
288.71833540527905
288.52322671467493
288.39197288040157
288.2922448231424
288.2164612036441
288.4853210869506
288.41207431659586
288.2402940500146
288.36549959972433
288.47104478964513
288.4565841384669
288.34310765098064
288.29396054893215
288.35581183203175
288.5001106563875
288.4992016763442
288.3528918699631
288.4576333968619
288.48453803911025
288.5591021717033
288.6248683078923
288.4596456819444
288.409913406538
288.30029918358014
288.2246769998574
288.2082992977523
288.3584490291455
288.4954237358102
288.40598813267167
288.5035746531419
288.6632810362022
288.2047848535739
288.13800107739064
288.15724128341714
288.1848312186634
288.3316691013785
288.53312524683867
288.6486529913885
288.3776418183516
288.36483247148715
288.49198855493194
288.60864379225836
288.8230808859654
288.6979826440709
288.3507163198985
288.3993327619135
288.4519422487705
288.4982590713257
288.65455781470524
288.8440545729269
288.85264619002237
288.48391222028965
288.3656800247886
288.4601466334772
288.5281788624372
288.57312370925473
288.5558809824328
288.62174868945965
288.4128129376643
288.4118324522692
288.5200068299311
288.47073509726704
288.45969850696986
288.461912328268
288.56591829370734
288.55456250617135
288.6643922939251
288.64544810901265
288.7661276026882
288.90086341217767
288.92037843284527
288.7266681802057
288.4467840427831
288.3877733523827
288.4462781207495
288.52804742634
288.6397796161014
288.66765599846775
288.87089688365774
288.8043185251144
288.81665746151987
288.7192028853883
288.6811414004299
288.6927745065653
288.5501159830001
288.2887296955978
288.2903903710749
288.4332214441306
288.6214733605297
288.8036439469848
288.8242663373057
288.6414312925512
288.5584342434958
288.57214959558735
288.68925462228066
288.60152272437614
288.56894343866736
288.6730550329839
288.8701699776282
288.57398556572565
288.52791537652985
288.71300375003136
289.0269721617743
288.8222246670473
288.52819765795107
288.4719807038554
288.4099847369407
288.5693017955156
288.8503489338811
288.99824766918084
288.6714016537531
288.5177407625487
288.38853238752716
288.4270272244231
288.70074643711143
289.05200464914293
288.8789317333723
288.7059283509956
288.963065580471
289.1589992751963
288.8726555529447
288.8006722738897
289.0839237184038
289.32442972254114
289.0199637753292
288.86811353286686
289.0330462449761
289.2437033750887
289.40766833226957
288.97724908609007
289.02563990822495
289.263229670472
289.3719236196713
289.0215081775595
288.90873385538146
