286.90142622747265
286.875473310964
286.83989571463746
286.85104514441946
286.90612787530694
286.8857629291673
286.96397686463945
286.9106199207724
286.86260811044554
286.8411022880645
286.8865634185554
286.85879304261005
286.84541682219646
286.8007676680424
286.8310748869039
287.01687958829496
287.28092605227727
287.17914665747185
287.14092184753315
286.95800125201816
286.9433007629932
286.9078979014282
286.8490273457185
286.8515586641806
286.79320052545245
286.91151098024847
286.93378455867133
286.8643819403641
286.90671522597006
287.17338852109214
286.9822848811657
287.05252484407697
287.1521563939189
287.025942873367
286.85222797929254
286.9262780642358
287.06802496505054
286.94899192467284
287.0273104608883
287.1045813360365
286.880424450494
286.8861118198418
286.8942014507167
286.8910918644549
286.60903574283253
286.7924761719583
286.83437323544587
286.79308300891705
286.87421152660335
286.7508738531828
286.8200524963593
286.7958481650457
286.84383653739724
286.9482078689835
286.85681736046564
286.8521621911141
286.9583794688135
286.8555512862778
286.8148036038182
286.83892448775634
286.79789375283525
286.7791278887569
286.8839481437477
286.93869743965143
286.83484427524786
286.8559428829964
286.8197013725909
286.89862101151573
286.86135178317056
286.7947346785538
286.9332464435108
286.9433524304257
286.8631101553185
286.8874985752827
286.8077981014907
286.7858547611132
286.8759254588805
286.816625904962
286.75891804593545
286.76482506407996
286.8045607828526
286.80555720077217
286.80546153302384
286.8559749301681
286.8474301015411
286.8696652992872
286.8718718261097
286.73473526049463
286.7045401215031
286.6953967066599
286.82947228849883
286.86767612394385
286.8359522260044
286.8973014630411
287.061848521843
286.90057730263067
286.9474891928255
287.00817289200364
287.1618497844157
287.1546874848081
286.9798717783476
286.9518167383632
287.0022794621876
286.91391642903807
286.95008266363646
286.97654194504804
286.8744464845875
286.9099989299844
286.9196868983392
286.9170628650079
286.7834223357747
286.8842699411013
286.987696811382
286.9448703217033
286.8563782688763
286.81028638219493
286.89508219776695
287.016434687188
286.90118480052047
286.9101114681214
287.1166990669678
286.82309180993366
286.8838578537045
286.93278150314893
286.75143279871963
286.79454037588795
286.9362852976499
286.93840681551444
286.81824072691956
286.87722588526174
287.1186058801514
287.0666774543872
286.9514598429118
286.9649038181275
287.06562455802026
287.0515463192978
287.1080027080204
287.02516069161953
287.07503499140574
287.03526781483487
286.94333314237053
286.8770241286469
286.84740129346164
286.89843512567245
286.9279337516444
286.9063910263694
286.98431214434567
287.0494122690152
286.95576901553807
286.9573019341723
287.090657581489
287.0901052207159
286.8823226857942
286.924535662818
287.11804671031865
287.2663123227264
287.0081490739069
287.2150954947785
287.0907251782264
286.9937736801967
286.9312097060239
286.98525964430684
286.8677511805701
286.9692655371214
286.9031354174704
287.00934351786384
286.87607419640057
286.893375325183
287.04546143355594
287.02150910065
287.0338283879358
287.0188056075183
286.94580472190125
286.9225347873466
287.05000912935554
286.91453337051183
286.8939833635274
286.9052867554945
286.93336767386387
287.03124689016414
286.9551139584059
286.9569965006872
287.0647769201566
286.88718918909746
286.86976280752094
286.8256352828649
286.9168336368304
287.00859661069677
287.0696960736397
286.9388497312542
286.97345574335
286.759319609591
286.9512639785572
287.0133787698846
286.91611509661334
286.8762377340799
286.9919911738318
287.0802690577731
286.94822771937055
286.99401986976136
287.0145314406417
286.9969700746439
286.99157988869257
287.0778191756145
286.9596497605543
286.86040443956995
286.8281709936935
286.98554322991015
286.9713398936115
286.86122515481003
286.98302471855243
286.9228793279554
286.85527351990055
287.03010737695314
286.97853746177054
286.86680519208517
286.9662487568814
287.2033914431867
286.90658745521927
286.8915374300272
286.83485581100274
286.9207227297092
286.8437232566144
286.66363378457544
286.8255493441988
286.8882978170781
286.6922858672794
286.77194846442933
286.9908560573349
286.97893649921855
286.80368680382145
286.8044222048907
287.07261204161284
287.0414864139365
286.9278514386402
286.92590614025596
286.979887554717
287.0343709864326
287.03237265375674
287.01058552804824
286.9637670848095
286.97480943380407
287.0118122202333
286.7677603872953
286.7609802955797
286.9327820343195
286.97366963160863
287.0197667158534
287.0199111076839
287.09601357623717
287.05686995163904
286.94719967932053
286.94821860218866
286.84894553758267
286.8594780086147
286.9376023678587
287.0480432662524
286.88223572972055
286.9453993069277
286.9114356632073
286.8732711185692
286.7901160853465
286.9548028602112
287.0016479694504
286.8520737849224
286.8150315967971
286.9453931132914
287.01385098660955
286.9891908575496
287.0995059846012
287.1428468520854
287.0994056212011
287.06367526819747
287.0328209986849
286.96966575602727
286.9474571409689
287.0286926967097
287.03374338785414
287.12684732852347
287.07591946943774
287.0191261727276
286.9983470596495
287.0664087369779
287.11305619884007
286.90860360499346
286.80923239567755
286.99726878633925
287.01923241607483
286.75355180673375
286.8992203038626
286.99679714160544
286.8815077050951
286.8712220732355
286.91987636804225
286.97265545036777
287.1616704151011
287.08757281963733
287.119825276649
286.96941215047116
286.95027122773774
287.05614246662464
287.0407550441261
287.0993456082481
287.0784756584952
287.0439075205081
287.1023358058302
287.0061612176878
286.95590527450946
287.1426606752309
287.20817067832957
287.03269302925537
286.96571644993304
286.9375807184156
286.9298507164785
287.0080624672025
286.9163623698302
286.9752215090217
286.9955873519703
286.88135426715866
286.9277657303334
286.87926492590657
286.8820742177391
286.987012700693
286.98843563995706
286.9876094862999
287.0565293123471
287.0151757375443
286.86471040654897
286.66020219711027
286.79896345373277
286.9918395183702
286.97190038933593
286.8477937372724
286.92799325744386
286.8932530793212
287.0604869799879
286.98489664927325
287.06479246521513
286.86991270788945
286.87962436621297
286.89818335409916
287.02217469579733
287.0913401668519
287.0534162693065
287.0977145827078
287.12790346594153
286.99230320380025
287.0648081398777
287.0205361219154
286.9237621833096
286.97565196481656
287.0220942872042
287.0261287379405
287.2764370865338
287.1156284299649
287.01979261800597
286.9184019313732
287.03496073972195
286.72046578483497
286.86750785714344
286.92782684545625
287.03431625291483
287.11115492188037
286.9861080853509
286.96142308839393
287.0179594725947
287.13851127625804
286.90180874853263
286.9729071510397
287.0214476543362
286.8345724504328
287.00148091252396
286.9262356494286
286.8306860772635
286.83048370593855
286.834678438689
286.92059578546275
286.91435065495546
286.75687128883106
286.95464502609957
286.90240507286666
286.7152991166816
286.7923623792724
287.0411884679015
287.05145675133633
287.16924116313237
287.1638999675624
287.2630745588067
287.02157754671623
286.8875592589626
286.92261742486863
286.95372691780585
287.01457531482544
286.9598096588652
286.9166357804713
287.0014544946235
286.98648230639304
287.1129501279142
287.03904822154783
287.06752835345526
287.15550194617833
287.13487294104266
286.985415464286
287.0813273529701
287.03958689445085
286.89838648876196
286.91713820864993
287.0573772087374
286.95209802518724
286.947924804781
287.0995918617909
286.96439957394847
286.9173911324518
286.9591240798696
287.0300109776865
287.0990387556545
286.97520545277325
287.0715152086962
287.0611550175744
287.0618177891219
287.0568292861952
286.8891653679549
286.7858908685299
286.9049958212533
286.98462105848654
287.04836932470164
287.0133408342418
286.99823674209273
287.108537402374
286.94533034773275
286.93092497828354
286.986767590985
286.9232342795138
287.0199564412243
287.30206246659355
287.018180471365
286.9859562184384
286.96177724180353
286.94289867011383
287.1798027525633
287.18571619855237
287.2409859316429
286.879408539768
286.92400501809544
287.1202818473761
287.1199903592172
286.9708237353812
286.8627669848868
286.92700398883824
287.0647033188548
286.97791522486136
286.9744856834838
286.9838141590801
286.92814792225266
286.851076060804
287.02528528087294
287.02376486814586
286.86076252958526
286.9692563694276
286.9486989466446
287.0269325501517
286.97715097375465
286.7780435735951
286.8837942832164
286.92806857745984
286.98274048238284
286.88830170989934
286.8585818599414
287.01506391033746
286.97740897284746
286.8523618413742
286.8590634069681
287.0065264457524
286.9758857616313
287.0031640514414
286.9582285816731
286.8616339226662
286.89908862694494
286.88843388504426
286.9685665298778
286.9138389426026
286.90370959925576
286.85083462846944
286.85797636459347
286.97389076027974
286.96849584949535
286.87509331289186
286.9385827903782
286.8967983613001
287.0016595097109
286.97998714909806
286.9032094090436
287.0154054607742
286.93811427559393
286.95189201914025
286.9295848887588
286.97123062925516
287.0453054731031
286.9219284159445
286.9786562428198
286.95156614047875
286.91883796960036
287.09520181997067
286.96996661760954
286.95780413935665
287.01699030371276
286.9393079408933
287.0600650705368
287.0452116206973
286.92900605665847
286.96318912019217
286.9805441986186
286.9963614172314
286.9807342808504
287.0636314465744
287.0782993835377
287.01670497450124
287.0082218422929
287.04088751674936
287.05664862527846
286.9590124323144
286.9281082696246
287.0531095065388
287.25189643489574
287.15556304758377
287.0929568880271
287.03927950175796
286.9449996959107
287.1091218325386
287.13224999393685
287.1586612287214
287.1330886738035
286.98910414176413
287.0210736698235
287.0817338118427
287.0255167697667
287.05585223721505
287.0146921555866
286.9597591455202
287.2139725076993
287.2156794850674
287.1073912913798
287.0359130779771
287.14709720025905
287.1183350101676
287.03717224393597
287.0023028050672
286.96797413550684
287.03758262073217
287.03245557656845
286.9458687666469
286.97538724318446
286.9838395395906
286.88655113325154
286.97783005532864
286.8775845755333
286.9162264572471
286.8550498912567
286.952014313406
287.1054390813877
286.898521927451
286.9307860817328
287.0214724994417
287.01033941896975
286.9924725349071
286.97853819291174
286.9783109123885
286.96847354824354
287.02870071354647
287.0585375948207
286.92957548833704
286.9675668302168
286.86643666616516
286.93647735033414
287.12125428172953
287.0659562866537
286.98036295614014
287.0147978591613
287.13216219210386
287.07290986240304
287.02028567819417
287.1376690772734
286.9578521196721
287.0371364241324
287.0034831958242
287.0444005642945
287.0391589972536
287.0803892468397
287.18870593206424
287.11631339386156
287.00857096949113
286.8978667128088
286.964839653239
286.998941467499
286.92417230942056
286.9511231336725
286.91373377547126
286.94701413145
287.007619820122
287.07731833815234
286.9968395716384
287.09061773169316
287.0064196161
287.0142543569701
286.97601922955954
286.926304966879
286.9237471051722
286.896579344593
286.8795364417593
287.02718595850723
287.1269923534659
287.1079910052511
287.1221227243089
287.0844395655451
287.15162352319527
287.098742093415
287.1479699870594
287.2511544428897
287.2595034808635
287.18277659283353
287.07440563217204
286.94598889057744
287.00478398942727
286.9996964468327
287.13007343079903
286.94439956009325
286.8400494408505
286.95580549129716
287.0912358793297
287.0770217848778
286.91602298773284
286.9646533984383
287.02754510768307
287.01193152941
286.9635410484033
287.0005891538219
287.0420958277266
286.92817996373975
286.9980040321986
287.06862351851373
286.9950295156534
286.87299947850835
286.9799539140346
287.13679677494287
287.09902095114217
287.0890266925365
286.9790484143575
287.11972269633475
287.1029992485165
286.8660358434055
286.8677764557272
286.9220077689012
286.84089444004513
286.95356436138184
286.97065356270264
286.93159190497965
286.90420022804994
287.03979777897985
287.0697086487385
287.13478280793265
287.03469388875317
287.1201202897025
287.07649386017897
286.9801393818338
287.07815819851413
287.0321689311216
286.99415883981
286.93008988478573
286.94642791965
287.0474787117094
286.82525667811194
286.83984039362247
287.1114862497454
287.1556623962521
287.1245675256663
286.8833631426972
287.01144657401244
287.035404518891
286.83724941958275
286.89192742458664
286.89544554748323
286.9433495920984
286.96449742354474
287.11723891049695
286.95324710446505
287.06998185927444
287.05079106822245
286.95867946388904
287.09208769310953
287.07347528703644
287.1230180935767
286.95929073361964
287.1326242100329
287.2409565764788
287.1321235456068
286.83083682622276
287.0419921649443
287.0127549124625
286.92511442080024
286.97693796354673
287.0473456401073
