287.9321363607035
288.0343805128183
288.0508195590909
288.0948962815758
288.17437172605514
288.0541350072079
288.1604107039028
288.30821063399065
288.27813066892804
288.3937210504847
288.40227503540996
288.25248760545713
288.53736916979625
288.580242491805
288.4142450855978
288.5028210597046
288.60988089506725
288.69320508307976
288.5263551980661
288.57243256809744
288.7391791176572
288.8300586951986
288.93362605563993
288.98190661461194
288.9142805951906
289.045067555031
289.12591843098056
289.156257195797
289.12923215293324
289.1484528852912
289.06456924727803
289.19286305279417
289.40818880794336
289.3064609909873
289.32467601717406
289.4531479567478
289.1973803012828
289.3659350753354
289.37950184930287
289.3634391068117
289.4942763697365
289.5366369661137
289.558772789693
289.5449373541339
289.6699550945866
289.8093552031108
289.6750209938091
289.78309310476544
289.8986781786605
289.8019862473077
289.9926729808373
289.9631827311013
290.11969758047195
290.25577302926064
290.1153836605543
290.1734958301254
290.1533993292758
290.19623280693844
290.40380682325593
290.4289316162814
290.4140414284308
290.4864381010061
290.5376153290882
290.63036568824833
290.6362818459443
290.73823362633567
290.82647057299187
290.9724564250401
290.9150530994965
291.1048314368547
291.2077269746585
291.10259150078616
291.1536684524507
291.0681910357129
291.0220519590233
291.16597052681897
291.33805308322343
291.3015508901828
291.25773753741584
291.4930118199587
291.3583525211286
291.5520680863826
291.77083889881794
291.46214128319036
291.56778738961987
291.8483278241427
