286.9394818475936
286.99118843726046
286.9107602229239
286.80582522254605
286.7665279538013
286.9475180563445
286.944582565011
286.8742675210225
286.8559687211203
287.02704212556444
286.8741791299048
286.84523288869576
286.80080423916627
286.89539856017615
286.7662973041452
286.89078578214685
286.8284624847517
286.80279464431976
286.9076270456865
286.7710838513457
286.8041156086964
286.8898009995344
286.721822690187
286.6182317145027
286.72563537506267
286.9534039003223
286.8883263619229
286.9567981697452
286.96846859707796
286.8542725013525
286.9347279896558
286.98565669269266
287.03414893857024
286.8483769822051
286.76746767744453
286.65787346194605
286.8121059314054
286.7731887312207
286.81052785177906
286.80844115479937
286.8158120527339
286.96959217032156
286.9566703693115
286.9373322490821
286.99209642189027
287.1232451847453
287.1223768337924
287.0139693888929
287.01824903692955
286.9446208949052
286.8057301931655
287.0593216356873
287.004119104803
286.7680990838722
286.98752958212395
287.0734224415595
286.93729526213184
286.789389450068
287.0113452140874
287.0684044394508
287.0871049935169
286.948016357723
286.90009205644725
286.8953712021462
286.89906966572835
286.9380763169512
286.81240641703585
286.8398755064601
286.8831321608131
286.8257031239189
286.83965939704564
286.97314003991175
287.0640723774074
287.10315354043956
286.87644952826963
286.79796141690616
286.8828060678917
287.0208827670195
286.9948573623017
287.0479604674835
286.98540534939923
286.8261202627141
286.95874818241737
286.9883842107166
286.96994602421904
287.08168756861227
287.1972247185457
287.1244114048548
287.2039041851789
287.1362398303657
287.0627994207445
287.0993868682652
286.99514209999114
287.0135414825343
287.153117191751
287.0778308341422
287.2283709789392
287.2205604505117
287.30047396166
287.27987772286764
287.2666854419206
287.19093320062325
287.0592414504748
286.9616340579024
287.0779058172849
287.23102271321767
287.04603646414824
287.1292601363594
287.21619019353074
287.1481758998083
287.14721509719936
287.01341233033907
287.06051271272037
286.9810758364026
286.9970521080642
286.943337460687
286.981215458962
287.0106212503865
286.9733255098527
286.9120604967156
286.9985722196524
287.05116008695006
286.97168598305535
286.9696951509229
287.1738064514799
287.1189276760251
286.8692931500561
286.95364006587175
287.1105681362735
287.0714631962665
287.0661718479895
287.17125391136176
287.2804772793755
287.08281207572475
286.9847304688435
287.3890852521276
287.2357273610279
287.2000307148825
287.2653936324924
287.15129726851603
287.23364282444044
287.2939004426483
286.9829880980431
287.1686544950181
287.2920190386665
287.26434152135835
287.1939282228947
287.348666385862
287.5422051977031
287.43997588832
287.58618495870047
287.5748369242527
287.4484365282554
287.5720570068299
287.64493125927737
287.8038697264748
287.7259691052255
287.6837989529002
287.7906432616452
287.6721352388509
287.5763417816364
287.6144273992755
287.74257008771605
287.784119283632
287.7853615213667
