287.88204102164804
287.95909773445356
288.14279681070036
288.14081024250305
288.1247680957607
287.95620913020736
287.97395488480186
288.1783939877881
288.1686309262099
288.2300740367713
288.281512014868
288.41991843835973
288.31767288325784
288.3380394854028
288.28493914428674
288.35062656276324
288.3976531261576
288.28264670993104
288.26817491794
288.4126643027581
288.4791505259037
288.50764461235906
288.6588807796534
288.49283140859313
288.68181345072105
288.8170931372125
288.8442008346312
288.6629780600579
288.76641016015674
288.68333021908853
288.8345220851332
288.77588924945167
289.0003481553105
289.0934042397399
289.0179585040154
289.03625818611584
289.17391415219186
289.1679444040861
289.3380207231378
289.3710485105581
289.20045884639933
289.2792241287781
289.4340270005487
289.4582883831824
289.2832495556021
289.23070028170713
289.49129896674134
289.4474405256789
289.3871014785249
289.50700706200087
289.36659082915435
289.5352548385482
289.80959080221453
289.6252040631681
289.85876506648515
289.95519581895087
289.9033712270821
289.90333656365
289.8567993400016
290.11923400799634
289.9275811219031
289.8421500162857
289.9807814890637
290.0923965107464
289.99720482032404
289.9949824806809
290.0417161387932
290.19073977079455
290.1312200828568
290.1857813791676
290.443283876926
290.37555360473243
290.4198229058914
290.5343508984607
290.5381870320798
290.453826837261
290.57718831728596
290.52511105951396
290.6216371735086
290.6446535321152
290.7134668466126
290.64198146352203
290.69843364247413
290.48560708142344
290.7420852044832
290.90665881665785
