287.94428911765135
288.00487531966183
287.9802586181023
288.07551441027465
288.12671345967044
288.0187980119702
288.14314706815424
288.2362174629697
288.31564428095413
288.3499295913583
288.2676036185928
288.24838825792915
288.37564479952607
288.44126607208676
288.17493326062083
288.3108854317696
288.4616160666229
288.40685499206296
288.41498965686986
288.4188183267893
288.3017063802333
288.455650821133
288.48431767552296
288.5377085985535
288.6617828228933
288.6434513483212
288.70341948009224
288.75445051811187
288.6756917230972
288.76332500918863
288.7222224709414
288.83689623126935
288.83657249324216
288.88417653684843
288.8218414830842
288.86181296583516
288.9414066708052
288.82963580190716
288.927114642909
288.77057779669474
288.8081515712764
288.9277526822103
289.05860138586695
289.07140617935124
288.9903810328677
289.139831301968
289.0682368020064
288.8729705763244
288.9201418180856
289.14175267590423
289.16014641530677
289.2172262375238
289.3232884129471
289.20379257945035
289.16409776365794
289.2756733039971
289.2466990387598
289.25799886657194
289.16229588182273
289.1975500141087
289.25350735226397
289.3151597578796
289.1671521510627
289.2750773169358
289.3071350373537
289.0880856895376
289.19089124654204
289.4113908673986
289.2036727097542
289.1972409291014
289.3691169117682
289.42091739746763
289.2953358045913
289.30079049262383
289.4014391413189
289.34668894938835
289.2874548915327
289.2598885091293
289.3424298154436
289.3276220448682
289.3231322560266
289.2129054926688
289.36769719249486
289.3414792967639
289.26033335252345
289.31342855069187
