287.98942253011296
288.0400676619848
288.11703033094005
287.8762381693556
287.8725172998156
287.95023602121535
288.12321778224333
288.392482350147
288.2868489616147
288.24264223020486
288.2511118224883
288.28766124867593
288.3111309035271
288.282472744562
288.3905483556168
288.18422139297263
288.3479869200955
288.41898452959896
288.34038575625584
288.44286873992536
288.46800559841614
288.5802437786256
288.7584006834075
288.63871769287135
288.64691149261967
288.553133966882
288.56607429100285
288.6001925532847
288.6225829800184
288.6940412244011
288.8553245212077
288.8782117053417
288.86248014026165
288.92444510311526
288.92769215571633
288.9743950950755
288.9326466086134
288.88635770661466
289.04475132969196
289.0844454093917
289.03762059509603
289.18086573326997
289.1483436593201
289.150174833861
289.28997166326167
289.17394814092273
289.1588718478851
289.37630051345616
289.4056242704492
289.28352134444384
289.3169703288218
289.2260103376831
289.29710973191766
289.24183632191415
289.23825751333084
289.3408258083282
289.30252603602696
289.3704921177888
289.34651062900315
289.28274719643167
289.3539559298771
289.4959171124239
289.3338877686333
289.42335197659094
289.4515020300605
289.43843525188873
289.5717108162114
289.5447777135588
289.61362305595435
289.6203383123514
289.5827403999492
289.60647163162656
289.54880001104897
289.55781526877496
289.5490547902805
289.59530874592446
289.763475489992
289.49140235573157
289.56743434053976
289.71446537994836
289.43381565848375
289.55866499338435
289.6975651553442
289.59251988065023
289.49743960173225
289.5793905853823
