287.0501931979863
287.0190599423698
286.9126888082295
286.9063679972501
286.9576570034256
286.89197752715125
286.9307420446145
286.9463670918507
286.93305543222954
286.94518759775144
286.8178693523598
286.8571822035425
286.8720145608578
286.89948911471424
286.92409218849673
286.9491523731859
286.8673965077788
286.7365326985691
286.8360792660305
287.0466696977998
286.9861585595943
286.94149344102027
287.0630961040242
286.99329870227143
287.0293975987341
286.82794913243754
286.90920227050947
286.97726568936764
287.0078133869302
287.1409958989855
286.87212549276876
286.9514377210547
286.9572216033058
286.7664219124174
286.70414268899884
286.7553130785896
286.8526495524968
286.76610112527794
286.8204501862898
286.84438211301966
286.8848167891313
286.8750933416296
286.89623360424775
286.9450918285731
287.03495795859664
287.1196842249416
286.9579460732542
286.8868935232256
287.04420254023694
286.96049237771
286.8091434735802
286.96180615712314
287.1083158593996
287.0206003496354
287.0793207309501
287.11878550136635
286.96076040619556
286.9933668651746
287.02732072735876
287.0303660757325
287.10561720830486
287.0257748133953
286.8609643197173
286.82090585901875
286.8896987543276
287.0170627770864
287.065594117577
286.98648068336536
287.156937074399
286.9249273077709
287.0434047242669
287.13806294454207
287.11724320964163
287.08799535523576
287.0640403127696
287.08377756623645
287.09421601904387
287.0065554736592
287.1717702546622
287.21300970751645
287.20370498196144
287.28633699740215
287.1725356603638
287.1922508637467
287.155049439891
287.03278009532903
286.9735526398482
287.1233266660532
287.08058883164205
287.0844902429889
287.20984623232573
287.21850207624055
287.1424249939444
287.14090984537177
287.2056053299699
287.17463937594994
287.19372695531433
287.14645628239106
287.1035099209526
287.10268696379256
286.95850868714894
287.0631795566352
287.080903865689
286.99980082144657
287.0433884626996
287.076963691949
287.05338754703723
287.04047625590783
287.1242281870498
287.1306196781881
287.2476736702634
287.1994662112975
287.06183746909414
286.9669991820664
286.9479522593176
286.9032215123342
286.95754449550276
286.87269327582624
286.9709886662215
286.91090213957295
286.8839309455049
286.95536836633926
287.0576443827669
286.9889215465986
287.1806170210626
287.09753039005653
287.183852445391
287.3330785950815
287.2828034316534
287.12212174978094
287.1974533997143
287.38263504272135
287.26282453218136
287.19136677605144
287.4502305189264
287.38753827458163
287.35048944073935
287.5349219509815
287.49226007912273
287.47227401668755
287.4768255222509
287.41952377955005
287.18574600830647
287.24277023633243
287.38651787015004
287.56012346458664
287.4068290943278
287.4383906161347
287.5658571569148
287.6259259193398
287.5287461638279
287.6481645153395
287.78774618158485
287.7897985537919
287.8441471981558
287.81865244543343
287.77876706184117
287.84134912279
287.90344562627996
287.986778141664
287.9006222823468
288.05211793857177
287.94045532181667
287.8654936717281
287.9461523422535
