286.84099829563587
286.92600892342847
287.09054479409974
286.85104101986025
286.8421537042688
286.85383286579685
286.9289057551223
286.7740975795056
286.8531188347572
286.8136617263043
286.8480324639302
286.9566996109458
286.97613725308764
286.81163225767847
286.84657464887937
286.88496099068504
286.97820397613236
286.8521881385121
286.8488090940517
286.8509172847324
286.866230624326
287.0483017506102
286.8649019448109
287.0639295460203
287.09106928343607
287.0976587764815
287.2315748227441
287.10024261696765
286.92052296355945
286.90668147789586
287.020881308276
286.90832441453813
287.0003413424265
287.007856985399
286.728175064599
286.874919049704
286.92057581628046
286.8563635402853
286.84146466251076
286.87657243603536
287.0382420222663
286.94951623986424
286.8353991089793
287.02327388598064
287.0518159666144
287.0124576662918
287.056293771761
286.9104126640116
286.85100616967435
286.90798325614037
287.0145550341851
286.97376989343684
286.94134476409215
286.9320087201485
286.69806489210225
286.72092789211695
287.05254560955797
286.8894585495943
286.82452479340446
286.828947204469
286.92479884349285
287.051583399122
287.0565997609327
286.9470861741638
287.0733357836326
286.9910734447335
286.94804812063023
287.06502537225293
286.96065714559836
286.8038300795843
286.9016187589833
286.9654588336709
286.96446367355094
287.07769907995333
286.9551425009231
286.9753900316568
287.1470945170141
287.10104304935015
287.1014883806446
287.1138298032581
287.25016435909424
287.3090889682914
287.14418551994225
287.0713681946399
287.1387517793464
287.22963805575915
286.8827661033102
287.0284140595389
287.08916075817507
287.1694134653713
287.08631031124463
287.1771008415342
287.0295631705757
287.16251610072135
286.94383474235156
286.97679160326874
286.9256896864624
286.8479974920317
287.00258205207984
287.2244833310896
287.1003945548806
287.0309606307094
287.00637066313504
287.0447105682894
287.13845809569574
287.16568421318794
287.0512387505658
287.1813387136255
287.25092548546
287.07390507527094
287.064996479469
287.07065741494966
287.09789953000086
286.9202341315627
286.6768893566429
286.70838756860985
286.72258339135755
286.81040139214633
286.8450143548937
286.8691467096892
286.92244040765405
286.9615164005663
286.9455158877221
287.0918324771176
286.98675127842796
286.9455232397575
286.8200372400911
286.9523758477952
287.03108440020594
287.14245370853064
287.13383449311027
287.1689127157435
287.2219018641632
287.265320852474
287.20681036731463
287.14959084312613
287.3183399706462
287.37228168452185
287.3649084904914
287.5259810142303
287.4254776244355
287.3917891172317
287.2824408099091
287.2994736290796
287.44020786445554
287.33327016622195
287.4423839118686
287.45143394744656
287.57455460523533
287.5824325601189
287.472366164237
287.6576597738812
287.736292737068
287.87381450053044
287.77083657797044
287.70654129835583
287.8492625006314
287.7072639452423
287.6814782032484
287.83994618808447
287.7277915487904
287.77812054219595
287.86806391023146
287.7454904400535
287.7198399866945
