286.8370234147774
286.94670363897615
286.9631804489988
286.9180887682404
286.852906522969
286.8896684299804
286.832974317688
286.94133960460834
287.17450238616743
286.9909934111493
287.17727208587917
287.20142315782897
287.3182383765782
287.27681155618984
287.1424336309006
287.15451122076325
287.21444035665485
287.2586016639999
287.3132469545241
287.37598463859655
287.3915436618872
287.12130762650736
287.34922891584574
287.4503763721231
287.2221066045504
287.41169090153716
287.71153045085475
287.70810614489295
287.6973008304616
287.6250400703106
287.71258946865566
287.4579010463095
287.60076536602287
287.4769896626369
287.6066520427026
287.7875253491881
287.80416343329705
287.5888278629996
287.6417546380058
287.61909036104703
287.74737611910814
287.8248491353766
287.7531376404999
287.7558165739187
287.95007226021056
287.96217816436376
288.005733284208
288.1293230142579
288.07065589250874
288.0411690695275
288.18955553569214
288.0955491191061
288.118912491312
288.111420173999
288.0330164030647
288.1182293391248
288.05103747753225
288.2418600504579
288.2938913461591
288.18855810332553
288.3219410194147
288.2636816390533
288.23918073572804
288.3023180794513
288.44596087726666
288.451787935596
288.6708324579068
288.54559791438885
288.47258874497004
288.4897286175469
288.53586618046927
288.6257365379496
288.63373963210296
288.5905657522447
288.63554436297477
288.5939320859339
288.5859773240978
288.8398183578271
288.88483185930244
288.74172837289177
288.9737882700599
289.13057802592044
288.8289346173683
288.7975205722537
288.97750356523613
288.9699541895861
289.1651730128987
289.2526326294669
289.1541715050717
289.1846942248831
289.26118290585106
288.99210650079016
289.1869428168724
289.31237982339155
289.1836476737311
289.2463133375769
289.36732025193743
289.46719298944987
289.30276312769723
289.5122283382333
289.5332710389744
289.4866067034793
289.5705137622637
289.733461560639
289.759544459064
289.58766225306255
289.58533114230755
289.71454470450294
289.6844643928878
289.54589180165846
289.6734214781992
289.69404706688886
289.7972048454747
289.70103420208113
289.79015019744133
289.8668280658044
289.9032605242272
290.0136272437485
290.0701404590779
290.0779161068613
290.00988420303696
289.9833158562126
289.9905875973747
290.06805497010566
290.2629315577673
290.084374709899
290.218617791269
290.23348638750906
290.19167323859483
290.3621135376105
290.4167573311917
290.32203160054223
290.2688238404714
290.4555202206419
290.58223442792683
290.66147076865497
290.72777628457146
290.7547510520735
290.7589272973859
290.7018597621878
290.575341766649
290.81610148963244
290.84678222027486
291.0277761587212
290.90269665215476
291.0057246065622
291.0669315111559
290.98047319688936
291.0949130786804
291.26020398588753
291.0755727900343
