286.9534379472809
286.91840500941385
286.84072143448907
286.84850471689134
286.8710146951928
286.84995438441183
287.005972046716
287.1356451125959
287.0642770731017
286.98059964568495
287.11390169429285
287.0889340405018
287.09721992619234
287.00034509799195
286.9659882084299
287.0139836458923
287.0051906146062
286.8904922459512
287.0227584153758
287.0772353795761
287.25135999627526
287.0487355080611
287.06443578151715
287.0069048370423
286.9924012785878
287.13707210624653
287.1486734388702
286.9541181980976
286.94529069180874
286.9470393199718
287.1087017804034
287.10461502287785
286.95345542657776
286.8566488090439
286.7781596464097
286.90458743977473
286.8434845340435
287.0342512008108
286.9247476354218
286.8506811904289
286.88944250356803
286.99438471198135
286.9659919331126
287.00539835664983
286.92097051946126
287.1106104856695
287.1297998814143
287.01038667830704
286.75452436319426
286.8866033430899
286.9571063342112
286.9626473635884
286.8897899437594
286.83714768380065
286.9553666937344
286.9715300803064
287.00389772760656
286.78971412759705
286.85603405565956
286.93755035850126
286.8785636132447
286.9548123671527
286.87756416489606
286.8898248041385
286.8235889522205
286.78008556976886
286.76419693853387
286.91758814375345
286.9910978297592
287.1355369454256
287.0120337374574
286.9847394648885
287.0033072134199
287.0209100366039
287.01393945705087
286.96454224423803
287.1310067947463
287.224946099479
287.02789266516015
287.115677551929
286.9853858787698
287.09918815476425
287.06373196661485
287.1097104891402
287.0776019755787
287.0423240118204
287.08907390830495
287.17512218827517
287.1796260383923
287.2191855227521
287.17783886126807
287.0080556294841
287.05350181288725
287.1152794287517
287.2131345674521
287.25600423320174
287.2086793421245
287.30961387181776
287.34682007688633
287.2160346565127
286.97128207815757
287.12177922898024
287.01760111171353
287.02791587779114
287.14612843232806
287.15065481886836
287.08773810388914
287.1756897840731
287.08821841850215
287.2994448583998
287.28534896152553
287.2175165895593
287.15830868042036
286.7803425061161
286.6649899732782
286.89175739232815
287.0581569350072
286.9043575505872
286.9662574059967
287.1076626796083
287.1564747560372
287.2142566580225
287.0968966688365
287.0609308095534
286.95631110988427
287.0294942934505
287.11138155724433
286.9791178293135
286.99080927716045
287.1392713384631
287.0869502882705
287.17104438187476
287.1398615630493
287.1385354512184
287.2956700162426
287.2536475840429
287.2471587337057
287.5192731547347
287.50374781747837
287.4310483405248
287.46767171755954
287.38398673275327
287.23500755383924
287.33572995071364
287.20965328308785
287.354255234441
287.64919701516357
287.5305660141143
287.6267719594452
287.74049982206634
287.670962599064
287.5811457786968
287.5704079296078
287.662896325746
287.7585562658855
287.6815285376693
287.8318045916567
287.6641014553021
287.7898809495999
287.7438653765211
287.70661761013645
287.7774268512357
287.82203659308806
288.0186273396015
287.78171759488043
