287.0733033388312
287.00937699722607
287.0253672911068
287.00253316439796
286.9682236640116
286.8866550255863
286.8833149897601
286.9533581147557
286.9825685273067
286.97487437071095
286.97820424411987
286.991306856772
287.04445552178703
287.05587806688914
287.0139789824545
286.9988231021506
286.9350917899362
287.1266617453856
286.92855279308753
286.8715985081572
286.94505823167685
286.94217685795394
286.9297161704112
287.02805138917853
287.09897492255044
287.0557104657977
287.0538744242056
287.03035589082333
286.9336257125816
287.0387455362708
287.0619721611732
287.0225288786675
286.99228001824827
287.0259404807305
286.7566439014326
286.6171619938607
286.6983115328408
286.9324109724617
286.987137345466
286.959275014554
286.9622998677318
286.8940800992016
286.8948641034606
286.95599516709456
286.92412067783215
287.0463592252329
286.99186351594557
286.8883562066623
286.954650614328
286.9249543443851
287.0576088192902
287.1254949478322
287.04217523548647
286.94904320766364
287.0068083058875
287.0237690242299
286.9436333988622
286.96629715368397
287.01834485174305
286.8860892943305
286.9909012773667
286.79533045802737
286.8071292649065
286.8638820281472
287.013796010356
286.916031753708
286.90601101600265
286.970402145451
286.9602234178889
286.88929416036626
287.02460149121
287.01835844593035
287.10908591467347
287.2606744740482
287.20449245457934
287.1151330549086
287.07663302714735
287.1578652741441
286.91460902909756
287.0139276533651
287.1192583675858
287.2480899997165
287.2027228831289
286.99270291851514
287.12219167402344
286.98173361677016
286.99842248648844
287.2436481437814
287.2361694698926
287.0824021314446
286.9978580363868
287.0719505911131
286.9569602101692
286.9576199672043
286.9694500679431
286.95686323533175
287.06736266919773
287.251888636321
287.0937965545513
287.12150727810615
287.27243270749415
287.23248661203166
287.17448997950476
287.12510324932146
287.1391944144436
287.1380250018584
287.05383086132747
287.0035686011131
287.2157853940387
287.2122604234282
287.2033119431974
287.04480912783833
286.9601085746801
287.0580615347688
286.97431828948316
286.7848944814045
286.8168766580826
286.9417559666729
286.95341637294695
286.9151683782297
287.0911198961004
287.1897763757769
287.07573897291076
287.16459751356956
287.09913014233143
287.15871772179725
287.1319073431324
287.0288830575975
287.1849458092254
287.36509382656067
287.2745192072727
287.3188944176055
287.3917393974723
287.24660513192464
287.39583976512387
287.3615134901791
287.30352180424717
287.4072536189154
287.35107938656085
287.2293053132437
287.4858743961779
287.58378846646025
287.17834378185586
287.27719143121834
287.41359808450017
287.55832516360385
287.5678357202664
287.57014242708266
287.67541625540423
287.6898772398574
287.7015123584845
287.82915693851913
287.5270520414499
287.68857550167843
287.8800176767666
287.69563347262107
287.60941791493264
287.735272641468
287.71278103260676
287.6193091860821
287.7765111913509
287.85212162795034
287.8409870521526
287.8693166823997
287.8721554654377
