287.92387000526685
287.9034794391875
288.06335038087497
288.020073347398
288.15851494699814
288.0554841549871
288.15351560765447
288.0793783024143
288.19880627814865
288.2265175621943
288.14788157285614
288.25563123237674
288.39691138538166
288.38601777751796
288.2645210783825
288.344364651677
288.4488239403616
288.4265805766961
288.43788988720047
288.6560368107684
288.6444127737668
288.46553987544667
288.60982152163575
288.6321568214126
288.4763642267997
288.59062536242163
288.8102813572796
288.59681551394374
288.53984852279996
288.61427454148776
288.6649222717226
288.4892755468846
288.4384325584908
288.68656847949603
288.58526016703314
288.5140080860613
288.5978933707248
288.64070691094344
288.4645695157089
288.54366029420663
288.5263970994308
288.5610101067126
288.5823799252398
288.51106705500354
288.545919671574
288.3941518365072
288.4588807126999
288.5986364988072
288.407142568796
288.42133374183425
288.51101749873044
288.4221457367801
288.3994310445389
288.486540924431
288.56566847933306
288.43674035596337
288.25054505329985
288.3425062692731
288.40583068192063
288.3901759323829
288.31548982522264
288.3928223704725
288.2568074557662
288.33753515773986
288.4506624508996
288.58396655128854
288.36081839747794
288.43068214996526
288.46117663760947
288.2033720086379
288.25729269721353
288.37757779385163
288.4026071368407
288.2948913746347
288.28342862245495
288.24488527056866
288.2676858948164
288.27386009274966
288.1762727265666
288.2717098796226
288.15845419301644
288.18114674756356
288.0627435160891
287.97007638088485
288.1539865840194
288.1976190672964
