287.8971218402964
288.0942341579376
288.1056702844243
288.19667709922754
288.1591946440978
288.12468647697153
288.17657117677516
288.12207865794306
288.36568058430095
288.3929847800489
288.2182799867989
288.2156282831155
288.3770958016864
288.33410938125786
288.39069038849436
288.37779672680347
288.5191745497894
288.53355126842274
288.5756546708664
288.5443512710972
288.6702216371604
288.6094397900009
288.63697167183636
288.68094817119845
288.75657107649374
288.74843081510727
288.8080917048185
288.7465047094731
288.84624238105255
288.8593202931302
288.88205076351346
288.85555879489345
289.0272769084352
288.99319743976594
289.036053479807
288.99538485583594
289.05266343911467
288.9746082170547
289.1335417837138
289.09452977391055
288.9698390208282
289.1226003641542
289.2813728279487
289.1940914405449
289.098446561554
289.1177009940382
289.23226117726847
289.36669214654927
289.46386632706947
289.4008353425235
289.4138319721601
289.42006565577043
289.2937411151026
289.449314809517
289.44119191913086
289.52491216073895
289.5359382207583
289.6108065533583
289.4971494332778
289.62476846332993
289.6194808577369
289.62413247567633
289.7156536703487
289.69621457716164
289.6258110617838
289.60867535202505
289.71430302729544
289.7560187593556
289.7575263958143
289.8249922533215
289.92244565735433
289.8250902223682
289.8880608851114
289.9537835092594
290.0639371778917
289.9965781735039
289.94469517525374
289.8945784308322
289.8914536254498
289.97834553605776
290.0351495256974
289.8623296927485
290.02258760499967
290.06479544442175
289.9988223569823
289.8557133467283
