288.0149357283683
288.66045528827016
289.0123624408313
289.05914932636665
289.35623705204375
289.68752050277976
289.7785396272398
289.80330167633116
289.97193963745127
290.1138322727847
290.22440805492346
290.17289132026644
290.2803220234986
290.3465194685862
290.2652435569397
290.3851017519907
290.6970006923985
290.60979358381974
290.40978839620846
290.4592221584914
290.64185025955686
290.8169944062472
290.681390046456
290.6463353543235
290.78212832076986
290.7894510842866
290.7202657576247
290.57248662777164
290.7380346065661
290.7925634406482
290.69329485615896
290.4986367890159
290.66797682771875
290.6881833126051
290.72176690646273
290.7230927671481
290.8853319524922
290.67500433021183
290.72652027154214
290.905471704995
290.8319713395744
290.8403404744836
290.7570441327881
290.60923540096354
290.729690610809
290.7705843004632
290.77363421514525
290.72154068966034
290.9068451053521
290.84377840500815
290.6106136197322
290.8029237307671
291.03821055717634
290.82143805849273
290.87031577976364
290.9239773990969
290.98888576832337
290.7254871616803
290.77910391670963
290.9648009793796
290.97635980491873
290.94502520618335
291.02005550872434
291.03664410273564
290.85630871079957
290.8324399060637
291.004008335315
290.9340103397068
290.9585058344178
291.0773546634361
290.9776900903605
291.1130953664709
291.12089016697564
291.1940716230172
291.1438782024584
291.1209251654153
291.16294326453533
291.18885111817
291.1329502231059
291.12699141446717
291.1939840849303
291.29589899285344
291.2471487749618
291.21913843404064
291.30169192946033
291.17502284877145
291.3551057430494
291.2963586856304
291.1427471540586
291.2634900409186
291.37422531737747
291.23584246857547
291.38480171960344
291.36473281667753
291.4432781707706
291.3439748172322
291.5128901508023
291.4748485923114
291.37823029526754
291.2314453320999
291.4291562413705
291.57189538317033
291.3929155899837
291.4742980460432
291.48879237710383
291.4836944216857
291.4457129637842
291.5091415219144
291.438805252811
291.44276805190907
291.5719614122943
291.59364129378724
291.4492890841758
291.4794714946447
291.59580714624906
291.54759938819404
291.4954829222724
291.62709382642174
291.5422630361026
291.5289689924486
291.63572594837245
291.5859401622914
291.6464798820745
291.6346629281614
291.5077893022114
291.77022070649
291.657960657899
291.71696178189165
291.7414280644987
291.7975415107167
291.7465535730108
291.7737369721819
291.6588549338083
291.90434144669683
291.79655762344163
291.83842503086254
291.9224647303034
291.9810806587511
291.81237249121693
291.942925704718
291.83324039512866
291.9101762211696
291.91749359884534
291.91717594345977
291.7340821715572
291.93989360095986
291.9137040112886
291.8782830664385
292.034811529677
291.99277354125934
291.85974713721316
