287.9623133956883
288.00724958468476
287.89020000510317
287.98222250109484
288.21404235886166
288.23775214938865
288.1048493628477
288.037281338701
288.24893440395067
288.33228406783286
288.33730067136645
288.34472888921175
288.2144263106475
288.3788701130899
288.3136210335463
288.35081555860864
288.47570128100494
288.48889586435826
288.55581322872905
288.6055611828557
288.53130353881346
288.48573025793314
288.57148128683326
288.4627563929059
288.5645218655582
288.6607420875566
288.5452394489293
288.53752259592545
288.5809985684603
288.6598451193382
288.68153892931736
288.45788220461367
288.4955588059478
288.7143639035096
288.59169632776474
288.69132195514015
288.7563106773042
288.72493879803386
288.84258149771455
288.73369006893097
288.8624422712403
288.8259308055766
288.71120745045295
288.7111922452775
288.6442178744874
288.692194555858
288.71395735791356
288.60204805157105
288.6733573934535
288.910743160036
288.9915861082522
288.8713286035224
288.87176182160533
288.88581803610464
288.93070687778436
288.73688624586566
288.57337998001015
288.5983563613354
288.6516279051506
288.6308720567396
288.8133783438283
288.75071146877013
288.74256289263064
288.86693980366226
288.79047553258084
288.8021569394015
288.66744960589506
288.58530356560084
288.69617807687735
288.8429374712492
288.6783350778612
288.7119026071508
288.7533795353903
288.706035473436
288.6889714331392
288.660576256778
288.6400821306161
288.5502538633986
288.54030417696697
288.62911440862746
288.4878766907361
288.59052424037867
288.5126489543225
288.4659696336159
288.52520483045123
288.49451482610414
